"id" "score_1" "score_2" "score_3" "score_4" "score_5" "score_6" "score_7" "score_8" "score_9" "score_10"
"1" -1.51648034183864 0.663794785240388 1.36802185616046 -0.786086572134937 -0.193795616771036 0.215453834811329 0.247804582947072 1.10266927341377 0.689361954065935 -0.413925857013845
"2" -1.3497160611138 0.391029823542284 1.13777965579446 -0.556877261693178 -0.251067787345059 0.363728390428075 0.0607894615797488 1.08281482432242 0.489346192898537 -0.44161782950866
"3" -0.576840950504048 -1.23198005988307 -0.507353136541342 1.27733691972761 0.462168037934944 0.577948168996003 -0.654703738966838 1.03846472825501 -1.33271085270267 -1.23307676548694
"4" -0.85615018842582 0.299927723008893 0.760788043604043 -0.99730564898261 -0.724106138763953 0.180574732198554 -0.955688051748187 -1.23761451737201 -1.23838748869135 -0.209955464486393
"5" -1.17551193137249 -0.394311016427131 -0.218405768173236 0.754934445714681 1.62680734574105 -1.24636889739713 0.94971574848286 -1.01107087699728 0.52666740467883 0.93897319648708
"6" 0.819866585301101 -0.413634622326565 -0.346040791461973 -0.983549251767094 0.160853376785267 -0.214536369542984 0.111284905585715 0.085990682428485 0.273059134697653 -0.974586858488555
"7" 1.19430902205013 0.790055952089773 0.0206229064169053 0.330764397358965 0.596822463399136 1.22905771456774 1.00071670863421 -0.910654562608949 -0.326810812582764 -0.332475653591099
"8" -1.36729460419344 0.891803766324092 1.20343020518287 -1.18011460220815 -0.635909743745859 0.400596494109608 -1.69687623958188 -2.00148291161115 -1.81702929120738 -0.150307855642046
"9" 0.902364689802013 1.11203380742237 0.214969611528739 1.11838902469252 -0.731984414654834 -0.305798685214184 0.286294248791199 0.549451564119981 -0.422953393319475 0.555058134898638
"10" -0.533090354320671 -0.896225847828005 -0.286559735381154 0.774325923126765 0.283243952855294 0.199300264413119 -0.207383448845004 0.282123151624013 -0.409589561188628 -0.156623484962992
"11" 0.722426391069314 -0.309567280878102 -0.291268851628968 -0.393369778052979 0.147481049324206 0.240934538406383 0.00891828466598768 -0.163839492342924 0.170262140087544 -0.0601537478885802
"12" 0.591162425903976 -0.878642231401587 -0.34284016126003 -1.20331369173062 -0.815506436590358 -1.16755863002403 1.15443989876064 0.207728429258123 -0.958178864967491 -1.14350184437819
"13" -0.0348477744068299 0.0308408607418949 0.37099782949466 -0.588399938188911 -0.353399938552881 0.320616451854688 0.372945955348874 0.049453264628177 0.25086495788068 -0.678856993344007
"14" -0.0383637968720106 0.601638907637376 0.119725769176161 0.662265705106602 -0.437251497497821 -0.842758372149197 -0.821744465534369 -0.195374567052092 0.0706120234347938 -0.217049967667722
"15" -1.03835144685597 -0.487358786563641 -0.0345756780904841 0.65406799707062 0.93710324267903 -0.425584828797311 0.387277165690223 0.0610772629034598 0.0522997635933048 -0.0142288133744736
"16" 0.430840739913203 -0.621989105536135 -0.339697227422291 -0.187321206511337 -0.0854446723663009 0.0387067016532488 -0.188294456408626 0.195165331952524 -0.133720642888367 0.162787110949232
"17" 0.874528862966202 1.17637027628316 0.308986347261901 1.20867806145894 -0.975075161076697 -0.44913609900403 0.22362321770335 1.09357418453268 -0.429224653769144 0.629684248123652
"18" -0.706850782872595 0.318801618745371 0.762504224511959 -0.469237694232968 -0.270371533743551 0.0349286244639124 0.225463663435448 0.761499978450915 0.4479951117581 -0.0133912870046831
"19" 0.520349643832236 -0.277221304919609 -0.203076914447806 0.162061568907314 -0.163771831279953 0.227889853014236 -0.011333026621865 0.308356623172625 -0.274647524985541 -0.000231384695404211
"20" -1.30456335560976 -0.11394642779094 0.157965056890534 0.393067492067301 1.34534464454166 -1.11005877061968 1.06712975870874 -0.654985512373538 1.09100010457861 1.31328696666041
"21" -0.621989083482069 -1.13071421924781 -0.485604524211841 1.15477842254529 0.553918401244056 0.278070090827795 -0.394401748656646 0.422116774988555 -0.78214231962845 -0.48850501739556
"22" -0.456847637866936 0.0793810155738531 0.359814613046695 -0.0853168905966485 -0.432105995418499 -0.32969697709523 -0.195105200337139 0.454777154940359 0.064655645597992 -0.529009703539918
"23" -0.250784890645035 0.921340286236033 0.750093163876911 0.136497159404991 -0.531314715653476 -0.0495920575783036 0.00750152681188535 0.563618873559355 0.0126722199197898 -0.117041197750825
"24" -0.261863074562884 -1.15834599174738 -0.442203195050341 0.593636645617763 -0.0594846221091239 0.194000891679894 -0.177672195967602 0.22335996592004 -0.490510998936458 -0.364027972386566
"25" -0.778754580256971 -0.990855283380346 -0.527354262337099 1.2073002110601 1.05676655308971 -0.210992631469237 -0.042354394474398 0.157687119639231 -0.89263292103696 -0.732370232464501
"26" 1.09785285397839 0.852516810442408 0.0909823037792435 0.487042076641193 0.174156036004166 0.678876262695684 0.596734858490017 -0.128231520825229 -0.275973691552757 0.170267085463651
"27" -0.211034810466307 -1.40924011212902 -0.318240469830497 0.823325154527495 -0.840034931283808 1.35435202839754 -1.07487058225447 0.540276085479418 0.14123247196436 0.881400557542553
"28" -1.08789006563543 -0.354271197766866 0.131445209087873 0.469170245554456 0.787257056829842 -0.368303455581362 0.404799858267816 0.107663079196372 0.268233945795625 0.134662318394491
"29" -1.34900464241326 0.815665814169043 1.0629216432736 -1.05468504010962 -0.440992615976117 0.209479473324142 -1.56520432921702 -2.27586225274238 -1.65618975076593 0.274682566581704
"30" 1.01157002814554 0.358467018121318 -0.11023964825971 -0.141266901410957 0.281959594331445 0.326701059571313 0.429428539737753 -0.138513506431507 -0.227441406885646 -0.234918667909149
"31" -0.432212390150395 -1.30803191947621 -0.419149706983559 1.10598835973785 -0.0842786621135132 0.951133111752132 -0.881407616118374 0.922925678352841 -0.757135401832071 -0.335659628838569
"32" -1.23221150565585 0.349767647767415 0.939863210559359 -0.543970220804417 -0.027972449917536 0.0761479182734102 0.0811977468116208 0.514907018531058 0.27632383368053 -0.306227955985936
"33" -0.751846651972626 -0.635822057102846 0.306025551085654 0.344021882716087 -0.461005850288366 1.01102300093991 -0.696634236639738 1.22540088814557 -0.173591619596945 -0.279444203103169
"34" 0.878871131595883 -0.423223083840987 -0.525380502563489 -1.36030584493612 0.664124520861674 -0.949964997234207 -0.920396475602338 0.793411690972684 -0.604028622521343 1.51673077815081
"35" -0.305395987692385 -0.979041315282467 -0.357528046171449 0.882248289178867 0.151667537111663 0.677807182199633 -0.405979537279247 0.228105380750222 -0.27623707118513 -0.0374233728570375
"36" -0.448414165626665 -1.31976539871154 -0.41785971015846 1.16570027336381 -0.0491288612499919 1.02858543483579 -0.960052385189129 1.20000596205703 -1.00464825685556 -0.634390238034679
"37" 0.142181841876655 -0.728146340150204 -0.272255024575996 0.271494102140073 -0.0990350701686513 0.569574316567062 -0.456030266594264 0.255301775040083 0.119128898491067 0.511878455649655
"38" -1.19472781176078 -0.306174285158147 -0.00817574009000377 0.592529119768913 1.32629203993035 -0.935702087835823 0.831949809344328 -0.432652116025226 0.504898502706045 0.555749236762013
"39" 1.18592233464634 0.834499911173791 0.0522582095491974 0.42194881807616 0.484761816846101 1.15981722505325 1.06937389567763 -0.861493480632144 -0.466228928816109 -0.0947609163295887
"40" 0.823316289433784 -0.268102337744788 -0.421979782127334 -0.855036046573298 0.773326275323839 -0.0996201790943966 -0.711169578633126 0.330429519241735 0.198610090688032 0.270512391796692
"41" -0.259267934721946 -0.282762823534876 0.0646818833474421 0.25589790968373 0.175243621148576 0.414531554474107 0.0255381063986049 0.149467177035064 0.275796217359295 -0.109864280528977
"42" 0.943623767543676 0.419164159145836 -0.0234573221499157 0.122798396729458 -0.155567017634074 0.107332861640453 0.664946480135828 -0.0436612419987808 -0.458946688519533 0.0434773234283638
"43" -1.38314701085463 0.780703901976491 1.17391784084013 -1.00948028497969 -0.46210593851706 0.318350917677382 -1.20978065689125 -1.27957184133792 -1.26536854213694 -0.271287978404247
"44" -1.3730675517407 0.894911442864616 1.22270724111005 -1.18447159861543 -0.645938467180707 0.415906646383492 -1.66286410247499 -1.8978774416163 -1.77039065790697 -0.196895868215647
"45" -0.214064841552153 -0.862419745989898 -0.251292441080408 0.053985624529659 -0.0943616920947236 -0.194731985311949 0.195633112967313 0.014840325112489 -0.0313655000056438 -0.0227543255988626
"46" -0.139362669178681 0.341448554727764 0.444472317882499 -0.211601541536418 -0.364804741771448 -0.135264413640042 0.129035095091501 0.493284539178143 -0.109797347835034 -0.0289224056416809
"47" -0.545642611605361 -1.25607184738244 -0.485171348190932 1.25609264631363 0.336763595782868 0.700434190233201 -0.740169345526846 1.11186376054955 -1.28128080042857 -1.12417708817701
"48" 1.10228527020789 1.07361997111259 0.238906518562106 0.922748283423153 -0.248436648093297 0.563998595291187 1.18416160144956 -0.220859493827359 -1.10432496608806 1.37546316325826
"49" -0.665488187796672 -0.687021759263932 0.0363241932945528 0.309073669977684 -0.0714093667306283 0.149181448685265 0.10917728870854 0.0989019645403598 0.312877597116106 0.0127366194177382
"50" -0.290700538300467 -1.26856521504313 -0.410420569556529 0.804229321040923 -0.248754343341323 0.709310489352683 -0.617645305509583 0.600475884204774 -0.520681353192574 -0.206526447476396
"51" 1.0610224829226 0.888823888034628 0.0771972017090297 0.587926685343208 0.0988118087125507 0.591721776102013 0.55213405081053 -0.232471310838131 -0.126918307523852 -0.426342629575116
"52" 0.297787209735389 -0.729829050827933 -0.341385154105601 0.0147558436489642 -0.133327218208516 0.203107247245036 -0.0692826055280119 0.0803923751724039 -0.101076463858777 -0.202500563456037
"53" 0.304099266713318 -1.23012508736502 -0.305178433246756 -0.430742300461155 -1.45291736556482 -0.0730251974675336 0.853728826248991 -1.04796219012729 0.959069840704004 -0.365936745785674
"54" 0.912308956444732 -0.343276225952285 -0.504846453792097 -1.29125662840659 0.78204378986011 -0.696415066510997 -0.998599362209573 0.716279974811672 -0.241523899234068 1.18520742788799
"55" 0.968500341983415 0.893191264289651 -0.0203201378098262 0.73600791755694 -0.0443551273569089 0.124001923115097 0.241705073443092 -0.479623667846946 -0.0885893103381924 -0.0972994287017964
"56" 0.841067763417022 0.45536210245761 -0.179767015928367 0.108907976814507 -0.0789945675242221 -0.626794269345736 -0.536099279369031 0.404162259186754 0.114207917751911 -0.0493232390638775
"57" 0.412871445960181 -1.11397902328795 -0.291813981347809 -0.764097095293013 -1.36040078574421 -0.543540843321236 1.30030780119409 -0.681214063971027 0.339705924431856 -1.27309440745749
"58" -0.945582525668774 -0.420750810192906 0.411329411632393 0.263267634888642 -0.0827072236308376 0.548026873987327 -0.141037693775306 1.13442400664489 0.373930462635842 0.091568987287991
"59" -0.911617170326788 -0.511833452589024 0.190394110830124 0.399871914447499 0.216872782762906 0.164502438833009 0.0935468927937054 0.47266017320904 0.504375576540199 0.40415577999588
"60" 0.076155991606642 -0.591363757699754 -0.252210198769751 -0.000894144998201771 0.190165460654639 0.0375889642232659 0.0558003841707359 0.0123863639054403 0.0635778290880669 0.18800655263586
"61" 0.544539285127639 0.961155776118926 -0.238161510428598 1.2853951034415 -0.909371389347341 -1.81602225325877 -1.44033914335467 -0.0827482047432787 0.921140217797648 -0.979323032507238
"62" 0.793494415908118 0.425510696892297 0.0270012744891689 0.564898909143709 -0.546730960385822 0.139335684473084 0.410488135566285 -0.0197566037105171 -0.124590685702269 0.23172679215796
"63" 0.882554092519462 0.0208565605028267 -0.23675426442686 -0.296273692809028 0.452907021371775 0.460181393382348 -0.229549211949354 0.00475219829645125 0.207139636178053 0.103572319837138
"64" 0.82359758832628 -0.184538074531538 -0.236160017970901 -0.455882045678988 0.00389277452405032 0.111717029204296 0.293723366207518 -0.20597796735887 0.0315252010857427 -0.0585490447718666
"65" -1.5066476192927 0.923854885457045 1.61485225470918 -1.21048769188198 -0.765778698906161 0.669226991121231 -0.69547657230615 0.548917796035563 -0.442372108962996 -1.04492700272314
"66" -0.792016554585897 -0.222636750833463 0.292221094639165 -0.11717172802327 -0.0977543725214255 0.237197957110582 -0.685368915011436 -0.678365901566541 -0.374244760624084 0.302472992891758
"67" 0.65133347281203 -0.656575121564683 -0.37570212586123 -0.769814715780019 -0.21542583084444 -0.270826920232682 -0.0754145323585638 -0.0955651356472051 0.190208130350206 0.458304561761697
"68" 0.717894264926585 -0.696435718687666 -0.4370904700373 -1.36508052745637 -0.191748478448138 -1.32658648913352 0.360904433139479 0.622326346389365 -1.33963978896536 0.166118089186512
"69" -0.979151323254426 -0.602113412120299 -0.146376387721255 0.783596140785249 0.957972499612425 -0.35589141655965 0.251861024512678 0.0934828177256375 -0.219190954683599 -0.215111862820281
"70" 1.00197536896343 0.181359019885864 -0.206217076670783 -0.218449167565478 0.832557229275008 1.24987586316593 -0.139938600367998 -0.484202644287069 0.895242790373393 -1.14551187941031
"71" -1.51831019614229 0.708540893068613 1.39908991171245 -0.853061566752022 -0.263062771624503 0.253929647487653 0.11694546066102 0.939967850758805 0.567922673001479 -0.363975065276983
"72" -1.02902590347454 0.771182566373291 1.08316113676298 -0.391377883538469 -0.411156947532537 -0.023443668448929 -0.123812642276169 0.70458090805283 0.272602533996364 -0.306315759307733
"73" 0.390223951729909 -1.12476965089465 -0.316512384858093 -0.654298965737754 -1.26151918102803 -0.379785051552409 0.931793628154222 -0.701674579941612 0.4548019239189 -0.598782968297924
"74" 1.09493949612975 0.600882628729482 -0.0590795950365142 0.0536577979597836 0.505374079282454 0.61197222065823 0.177328433934866 -0.0865682266175963 -0.00846861973298638 0.111928033531193
"75" -1.20908791642264 -0.169315001326638 0.273023661358813 0.331154433694572 0.872234702570595 -0.507449156185818 0.55398464866715 0.0882260239061327 0.407438971054605 0.202275799011743
"76" 0.527656838948011 -0.965477108710338 -0.311075958508827 -1.07108787962201 -1.06229914428072 -0.982566968253078 1.34706705151774 -0.0906600272657222 -0.536813266056206 -1.46792668976825
"77" -1.45365451583761 0.898297893893284 1.44145963570984 -1.17626050491674 -0.682262089566689 0.536431937746621 -1.02868207790063 -0.417168122532207 -0.902341529889045 -0.640380682954253
"78" 1.04622094078295 0.853568545034353 0.115327764629457 0.564420985492023 -0.0822487417525055 0.368502791664667 0.648219561290513 0.0590148271739925 -0.569344584702253 0.488108053284736
"79" 0.251161362370999 0.55802142698643 0.216810489628076 0.226173071275576 -0.661605137400988 -0.665241457290517 0.0170526783766624 0.143054997791339 -0.172005068944099 -0.21999453581671
"80" 0.428500242515195 0.803051118289081 -0.591841791219616 1.24635854585255 -0.613355863025041 -2.21392028315154 -1.90677528598942 -1.37083458033572 1.1972779455247 -0.992044062389977
"81" -1.44423480186379 0.373185685559876 0.927922471945714 -0.342462929646723 0.38851614236019 -0.28403424593169 0.612114699272784 0.534949304762509 0.928296846945418 0.249194441736424
"82" 0.164695255376771 -0.139129555354971 0.0814037611373226 -1.04488782391308 0.0748191064658597 -0.246246790766753 -0.34400504193049 0.445559647819334 -0.282497365673245 -0.314913907973986
"83" -0.462176953438777 -1.31175860666877 -0.426880511202931 1.18054572972806 0.00435093698926109 0.987915858355409 -0.933900028449625 1.20100150118453 -1.05356320571369 -0.71502819049713
"84" 0.00511522412309542 0.882503444448982 0.584548578632626 0.162709754826078 -0.384736941106298 0.00234996823814787 -0.0992519567669756 0.526745221980002 0.223877263378828 -0.432404439719081
"85" -0.595024771748002 0.0513064483018355 0.466800926901469 -0.639797499675249 0.295624902371836 -0.300521715449311 0.384859083369987 0.596410923506589 1.01645979982873 0.401966889199652
"86" -1.34900770629823 0.503959309198079 1.26753440376673 -0.747714811581511 -0.525647561449003 0.58990369527641 -0.326099089441149 0.918751433580627 0.135847155508521 -0.548220375302404
"87" 0.327399184040766 -1.21110659450789 -0.299769645323159 -0.504383781833833 -1.46328807597898 -0.176149517533208 1.00045621282791 -1.02886008728333 0.891145062914292 -0.631638139463261
"88" -1.49539197652171 0.410974468718864 1.01063905985333 -0.370541686857053 0.423297440356359 -0.34286314179661 0.907144381073206 0.831044751982158 1.47643624905973 0.63058297631355
"89" 0.340399484572048 -1.18388856955588 -0.302916969539078 -0.540759914243799 -1.38684444673571 -0.229294672091234 0.947926978800616 -0.848052725818629 0.668814886306455 -0.601512046343537
"90" -0.750420682855945 0.26395001162714 0.721135331780538 -1.12665490720542 -0.817046109243789 -0.0141597252421512 -0.636170528894301 -1.30427543614692 -1.27554555433445 -0.651266061077119
"91" 0.637936250798985 1.0639515706872 0.00393511196513918 1.28897630252865 -1.06535496905371 -1.43570426956354 -0.982423862102545 0.71092427605843 0.591911738199854 -0.722013203916715
"92" 1.1058550441909 1.06912976854524 0.234571041367604 0.913472965983323 -0.229373042836366 0.583029759004331 1.19424167287596 -0.251329664144556 -1.10394782158774 1.36162216991544
"93" 0.582298264866879 1.00598224856886 -0.133747199155772 1.289316209015 -0.983368744338786 -1.66568185297698 -1.26089244367244 0.274180508972819 0.797805694093524 -0.90245502263574
"94" -1.40096550191367 0.90156107980911 1.3056552615814 -1.19083781610685 -0.67265900753914 0.470528808009267 -1.46085844698605 -1.38246866104962 -1.4927549980435 -0.37773076672595
"95" -0.152217672883057 0.284491920664932 0.554459676154913 -0.758189344772124 -0.690649045932144 -0.241342025589116 0.138098866806779 0.490481221002567 -0.7827245968279 -0.404432068023462
"96" 0.508145316241114 -0.536750394722492 -0.268993992277539 -0.103931001880284 -0.402325066185342 0.2306500381533 -0.00534802857838284 -0.120459181105636 0.221472744859689 -0.145557503211823
"97" -1.12392840814677 0.474724173597021 0.765119658007249 -0.791466777731064 -0.556060728424042 0.406671502254012 -1.88110818780458 -2.50240736633328 -1.89610952730752 0.46270527887209
"98" 1.12191195416745 1.04656595109148 0.213291075112235 0.866878615128808 -0.138000626354985 0.672028060779846 1.23428417694878 -0.389648498620907 -1.09073485237528 1.27400158819602
"99" 0.645078339129769 0.630225897205562 0.129955355951989 -0.0488193834169493 0.073908936947278 0.140208606172766 -0.280533076606163 0.0714323931579463 -0.151115653277578 -0.0141900077199384
"100" 0.676096273193283 1.05877348838813 0.00529415393338573 1.26041734798093 -0.973363091947596 -1.26252936923704 -0.762890913694254 0.513620078140162 0.375496094516997 -0.346636321067575
"101" 0.763240592193981 1.10824295526055 0.135437461224351 1.23548730687534 -0.968817079424893 -0.911242357261776 -0.347432854274676 0.761172029187116 0.0486986242749144 0.0206203818203234
"102" -0.297998499541242 0.355147773933263 -0.0791936668313497 0.954739449397853 0.230956540419282 -1.31977860390528 -0.102802475352518 -0.167937658348984 0.639516211701337 0.0392649091354889
"103" -1.36740571331785 0.891866206655992 1.20380428015415 -1.18020312408738 -0.636109518437348 0.400897076119081 -1.69623458771296 -1.99949591838863 -1.81614975956399 -0.151218039016388
"104" 1.20409910112997 0.754755357720258 -0.00518979417425602 0.254125039663438 0.70156209723309 1.31703108984676 0.968298263186802 -0.977821241446166 -0.199444324293061 -0.629645803241884
"105" -1.36489020288592 0.600749376003102 1.37125306232172 -0.925339477034598 -0.60760796588822 0.482783548559796 -0.0864043036872349 0.879028362532113 0.42447784198555 -0.595656548216187
"106" 0.265185782917825 0.385642051341301 0.20780246748775 -0.510517530886423 0.930674305880022 0.66342135564479 -0.0038583781569478 0.161561810530587 1.22387356436244 -0.804123998038935
"107" -1.40017175163109 0.868229217969827 1.26217292591087 -1.13425499583948 -0.587903122456139 0.39419202395689 -1.34339574962932 -1.37547191205313 -1.33753640227978 -0.216279256348004
"108" 0.958130320046159 -0.256256803915416 -0.51503316618084 -1.25930801332956 1.01288315194769 -0.492883590875974 -1.33230487906473 0.719036108556328 0.143087842351687 1.33095140942564
"109" -1.51368419136919 0.649368075064515 1.3258054375579 -0.75834793599547 -0.13286205156136 0.144443526800909 0.270382322761105 0.94112156484471 0.734964115465362 -0.208568660200927
"110" 0.16983490205056 -1.24192776421579 -0.301605070988249 -0.119007275582306 -1.17736540015832 0.283792922726358 0.228921782065254 -0.225954367993402 0.340659311083108 -0.0715921677534934
"111" -1.50053106595159 0.701246013187602 1.345630233978 -0.84498689100991 -0.243542909381451 0.219850659566899 -0.00624862480249237 0.628143323915255 0.389630007032698 -0.272414325996098
"112" -1.43334760735719 0.478671346422562 0.993315524690014 -0.511794857729008 0.182157048948549 -0.143223720727399 0.169091563639964 0.0748921242517606 0.39857148638593 0.134520642945977
"113" -1.00477679770218 0.615490712015687 0.739290359367555 -0.815065381383746 -0.130601165220875 0.268014482338499 -1.49939559677718 -2.16023842400495 -1.60765020682016 -0.104130201342051
"114" -0.596957630973967 0.687594372532704 0.634648316006546 0.097863436516584 -0.115462616311692 -0.364308925598693 0.106528943002736 0.171355146751205 0.446783184980928 0.120229456369394
"115" -1.03043476865856 0.871022084411959 0.99262434935861 -0.610508973034885 -0.646259341206151 -0.0873024577106713 -1.13893953640179 -0.53389215154061 -0.364955525188586 -0.655249461034688
"116" 0.687775838833342 -0.623376450235782 -0.325813751906501 -0.880696860655504 -0.387199993358119 -0.453704581654471 0.648144527552705 -0.173313110596533 -0.20667953246783 -0.658887777961092
"117" 0.194003114395792 -1.32506908272153 -0.315828066976384 -0.10425423585699 -1.47019158646449 0.385358158112449 0.329724239111979 -1.1700911302437 1.32542885665424 0.53752927272975
"118" -1.35309540960167 0.818341337247048 1.0758832529165 -1.05786341583075 -0.446805390800251 0.217928695389654 -1.53741658632605 -2.20470985204563 -1.61365379373413 0.257270166075758
"119" 0.13169266199033 -1.36366815799149 -0.318818879100566 0.0706431371146128 -1.43409603369732 0.626937620539156 0.00839069219141142 -1.07946475372642 1.36747638614678 0.983859342546143
"120" 0.351593091691671 -1.18522025371047 -0.296536914722585 -0.578916084781026 -1.44332407306438 -0.281293319086266 1.1020224279697 -0.946384564113394 0.752813262061112 -0.839148163122083
"121" 0.934948383893204 1.18111275752085 0.338109363665581 1.1729805264596 -0.87510815497098 -0.199984948790858 0.520421873094392 0.943275104800608 -0.690459104352723 1.01367706247518
"122" -0.603635848311879 -1.20985845478923 -0.52595140806311 1.29238011971435 0.569150344130508 0.468041936530717 -0.577057948128635 0.960195759420401 -1.36173889484845 -1.30492535342673
"123" 0.910558345824875 0.325251858302308 -0.151805308888769 -0.0558540655857788 0.67958065180312 0.581724910687746 0.515881321890389 -0.540758404175826 -0.0825818691738074 -0.259772265765358
"124" 0.0800868438542726 0.0701077585034376 -0.135438902916342 1.24428520280548 0.142470420243407 -0.236012611162104 0.221683292251987 0.607979130995219 -0.946624605552744 -0.136837955521403
"125" 1.00868406984382 1.03629421356556 0.193714984218013 0.89270124097793 -0.349781390427569 0.240561556021714 0.625740696070357 0.170487457952522 -0.488923655400761 0.340755124951515
"126" -1.29211405710486 -0.142884963108994 0.115552799540274 0.432247207002501 1.38271737322791 -1.13488074713796 1.06138059792222 -0.711058517862377 1.04281927290427 1.29926841948098
"127" 1.13064749230675 0.795331560506318 0.0411264443549931 0.359474530409624 0.399946164426815 0.906919037966099 0.635772317690843 -0.393179075627704 -0.115430122633527 -0.315522798331361
"128" -0.0271431912452668 -1.00403263410427 -0.355849587310029 0.44502767227087 -0.678288371792865 0.120419886192917 -0.08778336718826 -0.190541008272255 0.213958912946031 -0.240542392094032
"129" 0.508869760182549 -0.601595530626843 -0.381032576622 -0.329648580655862 0.206228491115453 0.251615480920814 -0.424206582137849 0.13891158863217 0.173498168390291 -0.0694116142017685
"130" 0.355119877531984 -1.18131346537265 -0.296116606513366 -0.589741276847005 -1.43974647711177 -0.296581521027763 1.11571593966352 -0.932975210698856 0.731128191720091 -0.867875284570284
"131" 0.249364590573675 -1.28449235957374 -0.310792821381716 -0.265813480301062 -1.48729942963979 0.159630344500854 0.619939324716717 -1.18498483826859 1.22077780995406 0.0793876490440654
"132" -1.48947306822158 0.548844818315035 1.1758045970503 -0.604667316803377 0.0682894499505821 -0.0272146485861535 0.404744153439793 0.76224894640479 0.830564560321291 0.020550164696193
"133" 0.914675562484854 -0.351144668706582 -0.526461237097865 -1.32389286903632 0.832224411587907 -0.76456716193696 -1.14129163940584 0.775904240205044 -0.281800256933292 1.52398933975626
"134" 0.847438974509809 -0.452481506138472 -0.467676571307457 -1.29431863616092 0.423005587336533 -0.873598127141383 -0.429857658338384 0.645075374597091 -0.636001789075313 0.632715283004662
"135" 0.483398415772192 -0.375758862223643 -0.203932451741882 0.122049646311738 -0.400727900385787 0.15392521016451 0.0193500158310066 0.185481465007509 -0.0526935199605874 -0.0172474709475397
"136" -0.293897437955523 -1.38822415861327 -0.339509212209679 0.9597588158365 -0.597392549112323 1.3253326458523 -1.11311136658842 0.89247031444829 -0.298321917460395 0.377978586493289
"137" 1.1935323486354 0.549409659927083 -0.129073581457562 -0.155060633676984 1.05098379647183 1.35175299158595 0.325939695829699 -0.715491459866613 0.587371765213057 -1.48522595985892
"138" -0.163256115786317 0.611747651116226 0.596097869727022 -0.413851462321876 0.389167815523242 0.653030559539745 0.271642121453905 0.0813077028182156 0.481309388016221 -0.509587097234591
"139" 1.1924377438005 0.540905977782857 -0.134091081415056 -0.171092228177735 1.06225399580918 1.34685087872585 0.295960702439284 -0.699821637014173 0.615870446396496 -1.50150659332322
"140" -1.05686943472973 0.620589414443069 1.03912821570871 -0.35279026660509 -0.092814790033244 0.132122702044429 0.37008036901637 0.874899159496361 0.444467223343551 -0.216955020898162
"141" -1.09059318099321 -0.280366262459205 0.359991404031662 0.289702830726277 0.407380912150637 0.00913053268472822 0.254523176112727 0.69190728521515 0.409495303991175 0.0449960345529475
"142" 0.403584695168107 0.445484639197866 0.285147366541949 -0.446092396582036 -0.0178793497711244 0.447485552283141 0.449161336201908 -0.486843539915593 -0.80267846742315 -0.42146979153634
"143" 0.890169475679878 -0.106065814309145 -0.304076443404888 -0.747178254580368 0.29190741407216 -0.392536164365215 -0.292865450077435 0.450523476807009 -0.181041808495962 0.47724121996963
"144" 0.505484176670944 -0.334963990536527 -0.148547070055084 -1.08519110936437 -0.148842981678147 -0.602462750139583 0.0464229887693134 0.328233057213175 -0.519500433607904 -0.278516202969036
"145" -1.5643369194589 0.763603471654366 1.5689003528517 -0.930967757270712 -0.38388925982464 0.392856840239847 0.318210498033874 1.65490730955683 0.901930427795276 -0.634910133950242
"146" 0.188305755500268 -0.542224709740598 -0.0581316226152276 -0.314828828066302 -0.634446767248134 0.31911976861627 -0.259810918398083 -0.266978662320995 0.802059500693503 0.0548237355357807
"147" -1.47937489494467 0.357490360664086 0.919910668563559 -0.288798317549932 0.534836718666434 -0.443417020534 0.950186548242214 0.659363365691783 1.48682089220689 0.775378223721494
"148" -0.00106492499479319 0.322640973310031 0.124422614409695 0.361302054146041 0.369962582445709 -0.0792578541601484 0.0596615921899151 0.242351401324048 0.202514251336574 -0.175732312020719
"149" 0.933611751336066 0.826825819969467 0.0299995974870751 0.591954008518599 -0.202115901088854 -0.152171720955337 -0.101698630433096 0.370622547700776 -0.0108071862882317 0.168616312990596
"150" 0.597487940555308 0.852886979388801 -0.00557941360753555 1.22135783550301 -1.02798512716253 -1.0831011245681 -0.832332135689335 0.611925221548983 0.45168420561534 -0.326700001477069
"151" -1.50749745332315 0.839149019641261 1.51180905947506 -1.06792695620414 -0.553967371727799 0.48199197169507 -0.397677673985884 0.589039487189051 -0.0577215117208991 -0.67265295133642
"152" -1.13097136913402 -0.0153689779546052 0.63883039623651 -0.15787664725056 0.0404100104138978 0.0373585294913376 0.23271441032788 0.267093949761088 0.711658954541083 0.301014773233899
"153" 0.798770940282647 1.11129909097271 0.155159930689595 1.2121189209314 -0.911657265999241 -0.759379682302267 -0.171021166792092 0.689061279501108 -0.101574438157653 0.231342500902231
"154" 0.480611162670607 0.319714059810718 0.0851148045997501 -0.453443387650389 0.0950453141756599 -0.183721786991846 -0.316382439146786 0.419828166120079 -0.0835999276725931 0.149409280595932
"155" -1.30831252995493 0.854598064352997 1.00055963797348 -1.12582342977133 -0.519725454898854 0.232485826307471 -2.01487782976899 -3.03919309933293 -2.25235945451971 0.351775392786299
"156" 0.943566307706016 1.12970351889819 0.262568364489009 1.10481948625658 -0.708553106402604 -0.135290376732417 0.49674012920055 0.58359643704027 -0.601278668662201 0.784255381654778
"157" -1.40380503143376 0.890080486688029 1.29861902025985 -1.17057791033846 -0.64380268169524 0.44758700951047 -1.39341183667247 -1.32267977197352 -1.40091632342384 -0.33303867469906
"158" 0.603388747460286 -0.861656222014163 -0.350546609465116 -1.22506605382134 -0.762075088124746 -1.1964882850194 1.0998745054163 0.259095306493788 -1.02596439303047 -1.04862161427444
"159" -1.36767720117259 0.362495058766784 0.961451243190728 -0.420111077231965 0.0719261614265605 0.0682620193706443 0.0794239420767748 0.511555999591849 0.278782097745722 -0.194149531603205
"160" 0.710200183663718 -0.440012643221551 -0.261037568964806 -0.444160265127631 -0.169991483015868 0.393100746364923 0.374015047725818 -0.498000642347382 0.467287384627109 -0.720764086464067
"161" 1.03121802804609 0.750171947068688 -0.0339055103720863 0.370136512066562 0.263236330050057 0.414448003964484 0.0771622673450593 -0.157109824885138 0.213614862239596 -0.424989358503445
"162" -0.582790646482904 -0.283176784645616 0.245992331856237 -0.44270846733827 -0.89917856870398 0.425282669991683 -1.24542776609409 -2.46416653388351 -0.651859687780822 1.0171835234776
"163" 0.982405399931119 1.03244753842119 0.151253751672604 0.935746876517232 -0.369718495183905 0.103695465548581 0.535918371166661 0.0153756374250018 -0.477186521657965 0.42771693104417
"164" -1.00082005507794 -0.280816275759323 0.303622838089406 0.138165383971729 0.337462327470757 -0.239404678521086 0.48363303393406 0.12048450125692 0.548825245108674 0.0270518592017852
"165" -1.45845546423328 0.896622679755745 1.45208825330708 -1.17245049484426 -0.679387619259484 0.539024140120913 -0.982459651755033 -0.326438149156924 -0.838669597839596 -0.655659412090633
"166" 0.471016149097628 -1.04056203329553 -0.295784646752322 -0.928584442904128 -1.23378611995214 -0.778347637995797 1.38468505273916 -0.384756478091411 -0.103837441139151 -1.49284218010766
"167" -0.187375655295128 0.283141102569212 0.297014198506645 0.0632772702252708 0.470355048776689 0.290992687400579 0.310158582829773 0.164569971021858 -0.0407292457998393 -0.110919322970452
"168" 1.16042843254962 0.387597633575582 -0.222570234006159 -0.430018797908673 1.18436772840586 1.11449892856341 -0.238943938756839 -0.37522889175447 0.918136797300722 -1.27799244953732
"169" -1.43402337020213 0.908570313850626 1.40243212903371 -1.19703318602778 -0.701873705115608 0.532767081171471 -1.22137236325989 -0.777995969262974 -1.16403707997982 -0.586536826521685
"170" 0.927247721028317 -0.0732098348225295 -0.22801680053905 -0.63181203636803 0.184831330548507 0.044461451188134 0.744205706938615 -0.217754553729298 -0.501843910302231 -0.887384140990253
"171" -1.36315988301656 0.867872851459001 1.16299704507069 -1.1391541424912 -0.572591612183055 0.339606595555513 -1.62755046992805 -2.04333799607141 -1.72155123950085 -0.00467063127225118
"172" 0.478908282361055 -1.03027530009094 -0.297178197851807 -0.949647909113168 -1.21278821856853 -0.808539921099435 1.38695988068393 -0.343294566028607 -0.165297171073659 -1.50450381160117
"173" -1.38867163139496 0.902880697684246 1.27430744597144 -1.19548501925776 -0.671936335826314 0.456315556511353 -1.56883100150174 -1.6167359556253 -1.6413976271579 -0.320591246910259
"174" -1.1101345432913 -0.347817460533329 0.126557222614016 0.502432166890077 0.856135955441369 -0.39027483260833 0.427128836408997 0.210810568681559 0.177751131274688 -0.039608302551145
"175" 1.11858445016233 0.500175827212978 -0.0827869985681999 -0.042962310799792 0.600417306957159 0.942438389520603 0.675560476207978 -0.629708225395163 -0.031350333507098 -0.736259959417453
"176" 0.426397890942423 0.378082574640077 0.197052995546007 -0.465009814261863 0.24692765115514 0.119715151871881 0.0484631997269556 0.520777617269813 0.0779547452352055 -0.0428132086054894
"177" 0.219089127872541 -0.334101600373005 -0.183439302137745 0.0651876737599258 0.132575455265384 0.0448786542173936 0.0990339846415233 0.0210030731763215 -0.122913574262655 0.000175749446390183
"178" -1.45955128564163 0.537764879558476 1.12935225497164 -0.603972435092227 0.0372028226400388 0.00655497094696565 0.193955017775432 0.506505696305476 0.479766422750105 -0.14534738539943
"179" -1.45082336760961 0.504009315539055 1.08784320296846 -0.55530722874976 0.089703737812395 -0.0301981719291067 0.234609993488383 0.500396407367802 0.498044920277098 -0.132455264584682
"180" -1.54322944471513 0.891705162909308 1.67081379999884 -1.14928628633994 -0.695039117562828 0.644992182233405 -0.285234297263291 1.22899174254002 0.115493743222201 -1.07460512154875
"181" 0.75152639476213 -0.245743623247271 -0.21356304865616 -0.341212529369011 -0.137718394863868 0.201841684920736 0.282134433724154 -0.123353253225551 0.0875792198258532 -0.253931131683843
"182" -0.334224048878115 -0.822842551249285 -0.433551552021334 0.854424405409931 0.0247309743312817 -0.212579349137042 -0.287349066679807 -0.458375477389042 0.244814776840723 0.0647124203733335
"183" 0.107887202859675 -1.37514617267633 -0.318713575013107 0.133872346203382 -1.41304684007717 0.712115207193403 -0.108239792702866 -1.01259102230073 1.34981706071141 1.11443242085473
"184" -1.3764316390848 0.400238988196805 0.887704829925916 -0.429319887123831 0.187942216356402 -0.0979229901148586 -0.0231468225161323 -0.0674170715132811 -0.00191247379315941 -0.168803573701328
"185" 0.0698470336205705 -1.04125840831305 -0.419932667554915 -0.0338259338258275 -0.185587139161834 -0.219784224302522 0.0122973495172532 0.798020121308387 -1.20672837755239 -0.796022235508043
"186" -1.45573210746019 0.283510741767504 0.794718551700437 -0.177073079060835 0.683459424166415 -0.575563491042091 0.997796150296089 0.422154578438324 1.47953954226128 0.949800324310561
"187" -1.34058556981548 0.868785809973846 1.10416680952701 -1.14466912332 -0.567354223463114 0.310367249927702 -1.81231853909344 -2.4586343750504 -1.97450272760494 0.109148312632212
"188" 1.1195907914685 0.197412955303102 -0.33142916761235 -0.745223253517732 1.32186168216605 0.809683687697734 -0.876506489690237 0.0176359899285645 1.23620567820702 -0.934171795171027
"189" -1.50207252343009 0.865739229558777 1.53067241168759 -1.11362296385881 -0.619023246144961 0.534055615438772 -0.532413371161916 0.483368471580989 -0.235239270824984 -0.764235956217756
"190" 0.148782043531384 -0.54456581445529 -0.121106308626224 0.992554894041342 -0.614244494055162 0.944466028926776 -0.442480055550168 0.719704744585743 -0.504540343913621 0.742410981916478
"191" 0.565300190192555 0.986288046094726 -0.179822062478783 1.28798071908782 -0.951686561048816 -1.73411034589473 -1.34281368494685 0.118695678662171 0.85504915026446 -0.941499828558621
"192" 0.966102204072816 0.619669514426883 -0.0875314946722076 0.228122908590706 0.136967253345573 -0.0318329587605372 -0.175131787219918 0.159117245078433 0.0218541868242314 0.144000253587438
"193" -0.511108911007992 -0.763742398821794 0.113652132106081 0.209659281707016 -0.84293007604981 1.05887307140688 -1.19071865025712 -0.300659323132442 -0.258272818017388 0.702374839883281
"194" -1.29792897963272 0.414932409400541 1.1464898669253 -0.657568350498651 -0.462886034474689 0.523858406225104 -0.346673005269257 0.647126587058697 0.147550709919396 -0.273312543087084
"195" 0.0681572757236382 0.362178964595444 0.0531767031982469 0.756608318439246 0.270551913959251 -0.301432687888289 0.287373974824774 0.282486044238891 0.0378673484233694 -0.00798565483548938
"196" 1.20417632641478 0.752443567125665 -0.00663729472146846 0.249330358770146 0.706345677469188 1.31907782545278 0.962292631212199 -0.976562741471861 -0.190097265120831 -0.643499536651736
"197" -1.52906385913078 0.673433625437235 1.38409796815641 -0.792363809952595 -0.179199715124034 0.191352424918543 0.321047707841585 1.14512065186999 0.835736818124756 -0.270612186732793
"198" 0.422156879543051 0.355098168187354 0.150023939882202 0.33275711791545 0.0795239209036339 0.912363181594677 0.0760606898577965 -0.227950596043399 -0.547213614512067 -0.163433043428168
"199" 0.996498225694661 1.09328373245208 0.243164894489226 1.00636007457805 -0.51592820634218 0.12106773258127 0.68291566339925 0.321394426049853 -0.686123925583593 0.823739029780934
"200" -0.311137213015447 -0.278530320278427 0.0306181511653089 0.611154206019516 0.225452709150256 0.347752538842947 0.325939620765112 0.0478505231961369 -0.0310604137279014 0.435087422908079
"201" 0.557680394857776 -0.924724296985301 -0.324212380750083 -1.13760802185599 -0.952519392169425 -1.07692706453289 1.27592229360239 0.0565055974486956 -0.748818478564749 -1.35261930750075
"202" -1.31668374301846 0.430077032560043 1.07437495560329 -0.597099514671652 -0.321752964104155 0.4602036706901 -0.519017795793566 0.45997274273096 -0.442197497400039 -0.74902603154341
"203" -0.757503662989521 -0.771202747937769 -0.141556998602111 0.6598105400109 0.419532119947032 -0.0139837784047482 0.10127959391835 0.14949201486586 0.163993801014258 0.370378027537166
"204" 0.723351188900024 -0.335308274504852 -0.264968462960628 -0.431738245519222 -0.152780050207475 0.0324574770980055 0.0823934205474819 -0.110744303625932 0.15252534154802 0.0665820815043944
"205" 0.186625096973367 -0.51158275006324 -0.208280668140399 -0.160491532011554 -0.107650957215937 -0.221203658358693 0.145618991913597 0.0947207130630782 0.0574087074744983 0.0386546087015067
"206" 0.571097700636488 -0.435591523683811 -0.315809625307562 -0.293518982343271 0.0254972880864621 0.0529524334645187 -0.188460722946705 0.0890105869965133 0.159632633256826 -0.102614718222002
"207" -0.483359880035079 -1.29876521733133 -0.441216077771756 1.20206724143228 0.0876641110852022 0.921138935039775 -0.890052858094838 1.19331541618661 -1.12263094831778 -0.83245796752239
"208" 1.15974467380541 0.974912832062239 0.150666331979156 0.717854689057913 0.11937945942435 0.907298401396006 1.28389845331397 -0.713362083492252 -0.96801202943273 0.87755434931205
"209" -1.45350903620761 0.755306477294293 1.28485531831541 -0.942710422467977 -0.357670702193702 0.267064000348795 -0.560423371243553 -0.260860180784904 -0.345047919179292 -0.226088844392054
"210" -0.820414876817419 -0.704214990271843 -0.111772935463886 0.640448522910278 0.502839663577784 -0.114823533685346 0.187586842125489 -0.0366605989774541 0.333520725770982 0.482108675866448
"211" 0.581844409610245 -0.352384648249641 -0.296475238965871 -0.208592315681447 0.117110723940421 0.090014496215409 0.134856329584505 -0.206525404874948 -0.0196079171879069 0.0937401275477433
"212" -1.36920568113319 0.892877740032767 1.20986429468887 -1.18163717853094 -0.639345868439472 0.405766504672556 -1.6858398274364 -1.96730662818368 -1.80190134694102 -0.165963009680751
"213" 0.821757765103064 -0.528434736718256 -0.50674177728471 -1.39035454987405 0.371033160155762 -1.1686951874226 -0.490345818272 0.776411994199704 -1.01854463319083 1.23199560941748
"214" 0.724386970107686 -0.142592831479759 -0.180602425566146 -0.302876381345888 -0.572410521911386 -0.545819308355294 0.598355746873664 0.00873841713179714 -0.313138874323591 -0.466323588907883
"215" 0.796051381887471 0.593295672968323 0.105945082107063 0.0991821784547171 0.166037866795343 0.416503504286571 0.433302717883826 0.0230165491695312 0.0243995421417536 -0.191035938696497
"216" -1.44028426063676 0.593609403822027 1.08995249572597 -0.685568905874946 -0.0113153300219373 -0.0190392589474099 -0.14175447843416 -0.220771053377496 0.10754033600762 0.163668569021373
"217" -1.38631517514519 0.857194333323927 1.21241099380601 -1.11843407678163 -0.556918384038183 0.352278940922129 -1.41841590847273 -1.62362192252328 -1.44536676368648 -0.103808615581387
"218" 0.79782740622246 1.16919357442596 0.269516238984183 1.25343749589663 -1.09820449972751 -0.765871806357224 -0.153695792516703 1.27139447563218 -0.0979981632570902 0.145365287992647
"219" -1.37796225387523 0.424791768251113 0.998134788814097 -0.493172931073387 0.0142882660136448 0.110763539934196 -0.0871582938217945 0.39417735820491 -0.0850518133705378 -0.625958094663635
"220" 0.248983170965847 -1.28298164673006 -0.310305330600797 -0.266033926388016 -1.48214898593122 0.159048097279407 0.61572360312161 -1.165244595336 1.20143247340937 0.073094681414384
"221" 0.89518540277733 1.12844630980714 0.244865446471937 1.13459247575338 -0.797253652524073 -0.334180192406743 0.260466753986029 0.733602488096228 -0.393577858842521 0.481582273861644
"222" 0.0569833498455584 -0.635939255515105 -0.354566284574883 0.0494292494253645 0.236008902781726 -0.527764185908156 0.338077549119993 0.152815526626884 -0.785606438180117 0.0162046466990574
"223" -0.419918927208322 0.0507505747038963 0.132069827105978 0.14824687217246 0.981956593654138 0.0910098792950853 0.460656948934232 -0.0177011067885527 0.511078844335917 -0.564496319794324
"224" 0.897633285486746 0.679795044962936 -0.108496350454891 0.356055153553088 0.034923988733938 -0.247286648243955 -0.609363185806442 0.314193470349753 0.567119863523635 -0.583718600687358
"225" 0.751093965519167 1.09213845425663 0.0977042626962363 1.23370325321338 -0.938698894545708 -0.957054292520335 -0.39719203576932 0.620287107027323 0.0741031417838414 0.0338568058526825
"226" 0.755288811072403 -0.637264307227872 -0.463946596359814 -1.37927500634691 0.0114120384165092 -1.28518927577689 0.0548600285017146 0.685730672394306 -1.25497465784829 0.575441500706453
"227" -1.53345687175944 0.74697035167389 1.47328601813729 -0.91093041246223 -0.343363983885621 0.329661687808675 0.116306761415654 1.12686186223885 0.603834456184194 -0.478735545274483
"228" -1.39272365989407 0.89463814264394 1.27518648009713 -1.18023726556976 -0.651945328638781 0.443039103767515 -1.49775509698933 -1.52482355930379 -1.54316339621736 -0.298487327131153
"229" -1.26338196738335 0.0530477960520876 0.607110890573475 -0.0189449170136139 0.428437202056702 -0.161093610765138 0.313939850014175 0.403447141448436 0.414224468264371 0.0453350146673002
"230" -0.52908488819651 -0.209810032717895 0.515772010097527 -0.817985892526589 -0.598833552762955 -0.39277489976052 1.0307027788409 0.542806107110248 0.545131777684646 -0.757348096559619
"231" -1.26263874535515 0.550806317789786 1.01476940198912 -0.791490088153857 -0.507472110570111 0.511489163103828 -1.35240369863291 -0.968547411920251 -1.4923232855766 -0.552154439577723
"232" -1.35555763343836 0.879235861570727 1.15698684270013 -1.16017470418552 -0.599494983724869 0.355463638544427 -1.73527209230826 -2.19528151109755 -1.86899263152326 -0.0237668548777678
"233" -1.03243306479722 0.228383346132113 0.484831949282836 0.209541339457768 0.426236958630106 -0.55167858928848 0.351893590545607 0.315146842871527 0.48164654898604 -0.0377871622566158
"234" 0.897618297634208 0.574220888733273 -0.0858149007183715 0.21743351844468 0.307112913422018 0.077311173477999 -0.0796952388946935 0.07752253173543 0.0850579002000158 0.183972580289274
"235" 1.14516660839264 1.00648840535926 0.177342218461525 0.78378918306816 0.0113831955865405 0.811345538735459 1.27474795342069 -0.590277414133462 -1.03499015492981 1.06967221362218
"236" -0.224501716015461 -1.40656700572419 -0.320724294819684 0.846633114282491 -0.803302292104129 1.35582725554753 -1.08715301957894 0.604040518108526 0.0695047502330669 0.806410855818177
"237" 0.527656838948011 -0.965477108710338 -0.311075958508827 -1.07108787962201 -1.06229914428072 -0.982566968253078 1.34706705151774 -0.0906600272657222 -0.536813266056206 -1.46792668976825
"238" -0.0612551539376194 -0.254119241796731 -0.0384708323935565 0.122971525523935 -0.0793817474390318 0.000978284535715621 -0.179810066789297 -0.0681859345565719 0.0285949634719311 0.117472754234349
"239" 0.772785668388204 1.15905055712682 0.241374445809286 1.26242602326526 -1.11376327671251 -0.86982450164982 -0.282622452985494 1.2538816462886 0.0148499151786916 -0.0140059476139344
"240" -0.905251957678452 -0.361066160952467 0.336213063632486 0.0870640845374729 0.061036840951094 -0.0169974984421311 0.424788946872832 0.370521778695579 0.746977937909257 0.189167167212997
"241" -0.69638190878437 -0.556672760234445 -0.111969677839712 0.486603680970113 0.678306332148092 -0.203860087335298 0.294769791087679 -0.158996204010228 0.461687290750291 0.308691076873446
"242" 0.651438789874035 0.484391724981174 0.118293418507839 -0.291985387737284 0.393336902348408 0.591056980588511 -0.130573240389321 -0.117972933591186 0.12033209986378 -0.0731226526331594
"243" -0.801588364074558 0.266240013184437 0.447849192645731 0.246987673084767 0.274402539049854 -0.279796406912523 0.220727323434145 0.248693073451174 0.140682271425304 -0.148732487372772
"244" 0.699488642158547 0.198831915874277 -0.15683948266479 -0.0372875140372648 -0.678955999355556 -1.26877028749139 -0.132472557998505 0.807522236969164 -0.483030959206875 -0.217969461667619
"245" 0.387078684611942 0.0617001542470829 -0.168743790402485 -0.598827948374938 1.24989211660972 0.105348321414155 -0.554433701372561 0.127145374089933 1.15744965487 0.0737594953311923
"246" -1.35118805995305 0.878592856406107 1.14449008435798 -1.15987804484478 -0.596356252090361 0.347847973777823 -1.76868949216646 -2.2766291636083 -1.91496124376823 0.00236176757433008
"247" -0.23658740044147 -0.391800613948204 -0.0815701679164051 -0.0893671722536122 0.462367782973823 -0.20146590790356 0.339117722004038 -0.248432706027989 0.741717894098693 0.276985142527753
"248" -0.659614038640037 -0.507648172975167 0.00997055986178219 0.64684869012601 0.136691808618813 0.0275205317354562 -0.0602694971358049 0.395076818845251 0.27372048632781 0.198156444906421
"249" -1.41234265550408 0.913383853609172 1.35066197052453 -1.20939847224055 -0.70725173089818 0.513950518070516 -1.41888066377896 -1.18715926776715 -1.43554197719298 -0.499794970319265
"250" -1.2656220480821 0.0620387917921072 0.614168785619402 -0.0167279447734077 0.417802228539687 -0.112097847415917 0.23683381107088 0.514555477817577 0.136817213571018 -0.401183722374509
"251" 0.477617710036218 -1.03196572566001 -0.296920986460043 -0.946249222239574 -1.21634207905129 -0.803665942556612 1.38689067509928 -0.350077874405162 -0.155256207186541 -1.50320581812375
"252" -1.29182104158558 0.844438495904669 0.94402644706487 -1.11109402506686 -0.487797495421771 0.185898857936151 -2.10553039334621 -3.3313033139236 -2.37649436255087 0.491361355389008
"253" -0.673921422759265 -1.14522550025651 -0.569962158010066 1.31648567678521 0.841395045098316 0.165909482975471 -0.35962117568303 0.696291352890775 -1.36868987355988 -1.38851882918011
"254" 0.103198947449241 -0.510125716174524 0.102003780202098 -1.14387339191953 -0.792722722571891 -0.742735942363825 0.901415326402651 0.436695857083174 -0.540344298234266 -1.09649983183027
"255" 0.872751878190218 1.16573416326201 0.28881481376783 1.20075417589501 -0.945500660619634 -0.455425347843108 0.205399228331009 1.00547027754646 -0.40929315808374 0.598947876130073
"256" 0.902700530426276 -0.103221704250714 -0.207395028021332 -0.584143530041335 0.0596725960633667 0.0891079327521239 0.896701442146749 -0.316790468737737 -0.41341202469631 -1.1010591354984
"257" 0.419438422267759 -0.194786900294742 -0.417173340426087 0.207645140817562 -0.195887876296676 -0.708495494886009 -0.240279477813939 -0.621449686193763 0.237711109147006 -0.587469322237485
"258" -1.4244979321323 0.917966395280595 1.38886296780613 -1.21512321549368 -0.723265678057139 0.541643928277999 -1.33833580163553 -0.965395733098413 -1.32491109467545 -0.587432182685241
"259" -1.23610139992113 -0.159413748879962 0.250852077555814 0.358777495778426 0.99471790685249 -0.638589975368309 0.700895232608179 0.0403192843434754 0.525209929082131 0.27205097397252
"260" 0.651728012343284 -0.793474000593515 -0.384961709692667 -1.29821818445032 -0.534456437469246 -1.28444974782416 0.83256487997497 0.438498750922538 -1.23470975463218 -0.589464588438059
"261" -1.5154565049473 0.483588650383553 1.13333223251296 -0.482833018092844 0.266654906501425 -0.200209624402643 0.835016195962262 1.05899059152661 1.438170830779 0.410001703245193
"262" -0.159053817815838 -0.847514023954009 -0.340658367380508 0.0677573969546149 0.154535509720936 -0.30736028661443 0.0956226641216922 0.0269001565211268 -0.117893460974329 0.0754156104553571
"263" 0.25370989817145 0.931092619430723 0.651765404533662 0.120475703866441 -0.112601615836563 0.795085665598676 0.856764067570524 0.0331791139974729 -0.477097572472247 0.26409391566669
"264" -1.0635453489973 -0.606670294522431 -0.438363584786093 0.995217608649702 1.69279211990417 -1.16373123035995 0.757826534933647 -0.951473635166712 -0.0268569896372956 0.323789684919994
"265" -0.631436262384129 -1.1854472050966 -0.544393131048732 1.30463525911735 0.678666907351634 0.350364429697023 -0.493032702077215 0.865113101593362 -1.37644272202774 -1.35649134012066
"266" 0.507297539772191 0.831107471118299 0.0808968876691777 0.883034820772552 -0.211295891784113 -0.440680916542561 0.192335254408264 -0.156964620539357 0.010339244930216 0.261041828018118
"267" -1.52453761828913 0.519297748340108 1.19314151061839 -0.538593017384589 0.187616350223447 -0.127810058767454 0.793071429933129 1.16669744557414 1.40821106951062 0.292332390292159
"268" -0.578599978395185 0.235146189315224 0.24699546514314 0.619737622550074 0.0945129419521575 -0.667598477381693 0.0227179483152244 0.564534642596252 0.580493648146125 -0.0475283422442869
"269" -1.22591529881337 0.572512575960077 0.991988422137573 -0.499837054112764 -0.239381316056025 0.0689909083445444 -0.45339014092222 0.144466460364442 -0.231805646868999 -0.634725347598458
