"x" "basis_1" "basis_2" "basis_3" "basis_4" "basis_5" "basis_6" "basis_7" "basis_8" "basis_9" "basis_10"
0 0.543056096284591 -0.898866739622972 -0.117633661377117 -0.454188853885163 -2.77511543486981 -0.986459282887415 -3.36647807902226 0.563958080465274 -3.08847137026674 -0.944399573414571
0.0025 0.563078927484546 -0.93479637545433 -0.112397316857242 -0.456006412736901 -2.77071887257526 -0.943124345471513 -3.17025993775933 0.472079435388055 -2.9405006545503 -0.984762083791206
0.005 0.582913767068157 -0.970471472632864 -0.107296553735825 -0.458090544591118 -2.76438144278861 -0.899757888353998 -2.97445842688154 0.381848344097193 -2.7913691956836 -1.02106471248665
0.0075 0.602527811097261 -1.00583615980827 -0.102350315198845 -0.460459523071395 -2.75607834837953 -0.856451680097932 -2.77950674488104 0.293496993750233 -2.64135826953338 -1.05308433715618
0.01 0.621888674878947 -1.04083530337067 -0.0975772515131297 -0.463130800734743 -2.74578720061839 -0.813296254260364 -2.58583326163468 0.207253711922623 -2.49075060032715 -1.08061486478098
0.0125 0.640964497378545 -1.07541469038693 -0.0929956529563753 -0.466120913627023 -2.73348810386083 -0.770380562411435 -2.39385994721296 0.123342138421082 -2.33982950719865 -1.10346858599974
0.015 0.659724043542195 -1.10952120775958 -0.0886233842591884 -0.469445388640908 -2.71916373646159 -0.727791635088673 -2.20400082996446 0.0419804062543526 -2.18887805244347 -1.12147744677644
0.0175 0.678136804028703 -1.14310301672061 -0.0844778208975188 -0.473118654172648 -2.70279942765172 -0.685614252491686 -2.01666049171223 -0.0366196647581385 -2.03817819589032 -1.13449422825604
0.02 0.696173091865772 -1.17610972180015 -0.0805757875626924 -0.477153954556098 -2.68438323011163 -0.643930626659416 -1.83223260763738 -0.112253358083527 -1.88800995874761 -1.14239362679567
0.0225 0.71380413556405 -1.20849253344294 -0.0769334991230809 -0.481563268732589 -2.663905987987 -0.602820096812109 -1.65109853816932 -0.184723830881424 -1.73865060061308 -1.14507322594728
0.025 0.731002168243822 -1.24020442348391 -0.0735665043761753 -0.486357233592085 -2.64136140009959 -0.562358839451319 -1.47362597986564 -0.253842861247719 -1.59037381316146 -1.14245435345066
0.0275 0.747740512353282 -1.27120027273767 -0.0704896328726883 -0.491545072395085 -2.61674607811771 -0.522619594725135 -1.30016768189798 -0.319431569033523 -1.44344893381883 -1.13448281660103
0.03 0.763993659584149 -1.30143701000453 -0.0677169450752845 -0.4971345286562 -2.59005959945976 -0.483671410466132 -1.13106023435194 -0.381321107031494 -1.29814018262851 -1.12112951021756
0.0325 0.779737345619498 -1.33087374184816 -0.0652616860939222 -0.50313180583945 -2.56130455471799 -0.445579405196775 -0.966622934097139 -0.439353319494113 -1.15470592534741 -1.10239089220368
0.035 0.794948619379991 -1.35947187255595 -0.0631362432176927 -0.509541513182237 -2.53048658940065 -0.408404551282711 -0.807156733501193 -0.493381365079114 -1.01339796557238 -1.07828932254298
0.0375 0.809605906467947 -1.38719521375266 -0.0613521074395878 -0.516366617930006 -2.49761443980551 -0.372203479289609 -0.652943276749988 -0.543270301488633 -0.874460868557536 -1.04887326238172
0.04 0.823689066543435 -1.41401008320052 -0.0599198391461859 -0.523608404227307 -2.46269996285053 -0.337028304467548 -0.504244027995571 -0.588897629250334 -0.738131319108719 -1.01421733075787
0.0425 0.837179444402946 -1.4398853923835 -0.058849038118667 -0.531266438872819 -2.42575815970342 -0.302926476153382 -0.361299494990765 -0.630153792263337 -0.604637515741901 -0.974422217475776
0.045 0.850059914568352 -1.4647927225405 -0.0581483179655509 -0.539338544107511 -2.38680719306688 -0.269940650741585 -0.224328551292284 -0.666942632965699 -0.474198603063697 -0.929614451405674
0.0475 0.862314919232056 -1.4887063888803 -0.057825285080716 -0.547820777565034 -2.34586839799239 -0.238108588729878 -0.0935278595234387 -0.699181800142584 -0.347024144084708 -0.879946024696927
0.05 0.873930499442832 -1.51160349278013 -0.0578865221933286 -0.556707419473948 -2.30296628611166 -0.207463076205902 0.030928602420568 -0.726803107658732 -0.223313633876513 -0.825593873881149
0.0525 0.88489431945568 -1.53346396183928 -0.0583375765491905 -0.565990967160992 -2.25812854319343 -0.178031870989775 0.148889910935301 -0.749752842582738 -0.103256055828754 -0.766759220166815
0.055 0.895195684207769 -1.55427057772842 -0.0591829527358996 -0.57566213686467 -2.21138601994861 -0.149837673511204 0.260228461360556 -0.767992021438424 0.01297051856378 -0.703666771990371
0.0575 0.904825549921062 -1.57400899184405 -0.0604261101375652 -0.585709872829093 -2.16277271602694 -0.122898122347161 0.364840127646086 -0.781496593511077 0.125199285714936 -0.636563793513947
0.06 0.913776527869905 -1.59266772884502 -0.0620694649784516 -0.596121363609024 -2.11232575716486 -0.0972258142120173 0.462644317533896 -0.790257590407368 0.233275021228994 -0.565719044122543
0.0625 0.922042881388954 -1.61023817821417 -0.0641143968893247 -0.606882065479409 -2.06008536546339 -0.0728283480506001 0.553583924351203 -0.794281221268823 0.337054346358885 -0.491421594175862
0.065 0.929620516232508 -1.62671457405198 -0.0665612599055562 -0.617975732806199 -2.00609482279384 -0.0497083927523406 0.63762517705277 -0.793588913314913 0.436405949555551 -0.413979523704546
0.0675 0.936506964430892 -1.64209396337072 -0.0694093977820779 -0.629384455199991 -1.95040042734698 -0.0278637778750241 0.714757390704117 -0.788217297571182 0.531210763460263 -0.333718510812259
0.07 0.942701361822357 -1.65637616321641 -0.0726571634877888 -0.641088701240894 -1.89305144336067 -0.00728760664591392 0.784992620102838 -0.77821813992729 0.621362097752244 -0.25098031775205
0.0725 0.948204419470184 -1.66956370700118 -0.0763019427205603 -0.653067368531297 -1.83410004407993 0.0120316096110487 0.848365219725764 -0.763658217842102 0.706765728604282 -0.166121182963861
0.075 0.953018389203781 -1.68166178048089 -0.0803401812640288 -0.665297839804247 -1.77360124802127 0.0301097965779501 0.904931313648152 -0.744619143268579 0.787339945572963 -0.0795101280313362
0.0775 0.957147023549727 -1.69267814786093 -0.0847674159889338 -0.677756044787311 -1.71161284863281 0.0469671426368886 0.95476817950491 -0.721197132576713 0.863015557042977 0.00847281092702404
0.08 0.960595530343514 -1.70262306855757 -0.0895783092849267 -0.690416527497841 -1.64819533745865 0.0626279063048006 0.997973550953651 -0.693502724434498 0.933735855445116 0.0974384176439874
0.0825 0.963370522335278 -1.71150920518192 -0.0947666866935903 -0.703252518622435 -1.58341182093573 0.0771202066458723 1.03466484345292 -0.661660446860912 0.999456543664651 0.186990185546105
0.085 0.965479962122804 -1.71935152334939 -0.10032557750013 -0.716236012614365 -1.51732793096784 0.0904757979687678 1.06497830848437 -0.625808434787626 1.06014562414485 0.276726252462744
0.0875 0.966933102762711 -1.72616718394861 -0.106247258029449 -0.72933784912506 -1.45001172943928 0.1027298301857 1.08906812162783 -0.58609799969928 1.11578325239345 0.366241369460253
0.09 0.967740424425606 -1.73197542853006 -0.112523297382681 -0.742527798371703 -1.38153360684851 0.113920596260562 1.10710541012538 -0.542693153066156 1.1663615566327 0.455128892822854
0.0925 0.967913567473491 -1.73679745849675 -0.119144605342283 -0.755774650030977 -1.31196617525714 0.124089268222356 1.1192772257816 -0.49577008544703 1.21188442548496 0.542982788137431
0.095 0.967465262347421 -1.7406563087964 -0.126101482167781 -0.769046305240307 -1.24138415576686 0.133279623255166 1.12578546918665 -0.445516603297822 1.25236726558565 0.629399635374118
0.0975 0.96640925666074 -1.74357671682698 -0.133383669999906 -0.782309871281017 -1.16986426075257 0.141537761399943 1.12684577137917 -0.39213152563772 1.28783673120613 0.713980624048721
0.1 0.964760239897893 -1.74558498727588 -0.140980405588503 -0.79553175851462 -1.09748507109282 0.148911816423988 1.12268633913736 -0.335824042885079 1.31833042785287 0.796333527493837
0.1025 0.962533766120999 -1.74670885361623 -0.148880474058957 -0.80867777914192 -1.02432690865629 0.155451661415407 1.113546770119 -0.276813040249778 1.34389659196049 0.876074645524255
0.105 0.959746175086353 -1.74697733698334 -0.157072263432716 -0.82171324735588 -0.950471704312871 0.161208610664763 1.09967684408533 -0.21532638820755 1.36459374877478 0.952830705086551
0.1075 0.956414512170379 -1.7464206031494 -0.165543819620411 -0.83460308046295 -0.876002861753786 0.166235119377141 1.08133529639409 -0.151600202650444 1.38049035046812 1.02624070873871
0.11 0.952556447500026 -1.74506981830562 -0.17428290161 -0.847311900553347 -0.801005117415143 0.170584482747657 1.05878857989246 -0.085878077389687 1.39166439665568 1.09595772111135
0.1125 0.948190194675716 -1.74295700434854 -0.183277036578335 -0.859804136308845 -0.725564396811474 0.174310535897502 1.03230962122222 -0.0184102917800665 1.39820303925463 1.16165058412781
0.115 0.943334429466326 -1.74011489435115 -0.192513574661413 -0.872044124546587 -0.649767667596796 0.17746735613934 1.00217657743171 0.0505470037539051 1.4002021737987 1.22300555190224
0.1175 0.938008208845026 -1.73657678887982 -0.20197974312709 -0.883996211109338 -0.573702789678718 0.180108968996153 0.968671598619289 0.120732621400007 1.39776601911663 1.27972783718425
0.12 0.93223089072267 -1.73237641379599 -0.211662699703477 -0.895624850726129 -0.497458362721738 0.182289059348324 0.932079602148202 0.191881185995668 1.39100668730956 1.33154306128233
0.1225 0.92602205472153 -1.7275477801562 -0.221549584826922 -0.906894705482301 -0.421123571381374 0.184060689034045 0.892687063763028 0.263723998471886 1.38004374589856 1.37819860055837
0.125 0.919401424317182 -1.72212504679633 -0.231627572585041 -0.917770741554449 -0.344788028621101 0.185476022161873 0.850780830701543 0.335989909786854 1.36500377384802 1.41946482257023
0.1275 0.912388790659795 -1.71614238615632 -0.241883920142687 -0.928218323883469 -0.268541617465794 0.186586059336191 0.806646961648055 0.408406202410522 1.34601991324503 1.45513620629116
0.13 0.905003938368827 -1.70963385386965 -0.252306015451917 -0.938203308477344 -0.192474331554495 0.187440381923053 0.760569598103807 0.480699476408588 1.3232314181711 1.48503234087654
0.1325 0.897266573576609 -1.70263326260862 -0.262881423060802 -0.947692132055349 -0.116676114855985 0.188086907414294 0.712829871467446 0.552596537222593 1.29678320234577 1.50899879867897
0.135 0.889196254477365 -1.6951740606416 -0.273597927850251 -0.956651898765109 -0.0412367009166386 0.188571656871054 0.663704849824449 0.623825282223522 1.26682538693486 1.52690787848777
0.1375 0.880812324618358 -1.68728921552282 -0.28444357654268 -0.965050463725227 0.0337545479899671 0.188938535349928 0.613466528140286 0.694115583171682 1.23351284984948 1.53865921605733
0.14 0.87213384914981 -1.67901110329817 -0.29540671684139 -0.972856513167035 0.108208801440145 0.189229126135862 0.562380865243335 0.76320016174428 1.19700477784225 1.54418025949858
0.1425 0.863179554229673 -1.67037140357381 -0.306476034074749 -0.980039640970887 0.182037920791837 0.189482499523651 0.510706870659977 0.83081545532654 1.15746422244412 1.54342660785468
0.145 0.853967769758754 -1.66140100075628 -0.317640585234499 -0.986570421413773 0.255154618100466 0.189735036807704 0.458695744056323 0.896702470330278 1.11505766087836 1.53638221204345
0.1475 0.844516375600819 -1.65212989173549 -0.32888983031291 -0.992420477966633 0.327472613649687 0.190020270057902 0.406590069710167 0.960607620341736 1.06995456284144 1.52305943790842
0.15 0.834842751421844 -1.64258710024429 -0.340213660858694 -0.997562548001343 0.398906791730961 0.190368738173979 0.354623068123989 1.02228354648699 1.02232696405308 1.50349899193932
0.1525 0.82496373026185 -1.63280059809088 -0.351602425686679 -1.00197054328849 0.469373354308566 0.190807859631483 0.303017906568632 1.08148991745038 0.972349047314042 1.47776971083064
0.155 0.814895555932712 -1.6227972334239 -0.363046953691135 -1.00561960618776 0.538789972212849 0.191361822248706 0.251987070035494 1.13799420667223 0.920196731767261 1.44596821684334
0.1575 0.804653844315371 -1.6126026661535 -0.374538573727192 -1.0084861614534 0.60707593350905 0.192051490222378 0.201731793772484 1.1915724443319 0.866047270956126 1.40821844137757
0.16 0.794253548610421 -1.60224131061661 -0.38606913153901 -1.01054796359704 0.674152288695569 0.192894328604933 0.152441558263434 1.2420099417972 0.810078860202547 1.36467102014077
0.1625 0.783708928577249 -1.59173628554028 -0.397631003727168 -1.01178413976911 0.739941992393713 0.19390434531215 0.104293647238103 1.28910198634521 0.752470253738303 1.31550256338824
0.165 0.773033523778435 -1.58110937132328 -0.40921710876114 -1.0121752281394 0.804370041198439 0.195092050679937 0.0574527689942212 1.33265450400097 0.693400391966509 1.26091480586363
0.1675 0.762240130828519 -1.57038097462436 -0.420820915055526 -1.01170321177426 0.867363607369713 0.196464434514121 0.0120707410546686 1.37248468851172 0.633048039152296 1.2011336411551
0.17 0.751340784629185 -1.55957010021427 -0.432436446141129 -1.010351548026 0.928852168053282 0.198024960504592 -0.0317137620926367 1.40842159451951 0.571591431790637 1.13640804591386
0.1725 0.740346743556663 -1.54869433001924 -0.444058282973675 -1.00810519346567 0.988767629731493 0.199773577807655 -0.0737753986712332 1.44030669314171 0.509207937832341 1.06700889976758
0.175 0.729268478551547 -1.53776980925518 -0.45568156343428 -1.0049506244062 1.04704444761512 0.201706749535887 -0.114002287458452 1.46799438827719 0.446073726912258 0.993227707292525
0.1775 0.718115666046568 -1.52681123952502 -0.467301979086264 -1.00087585307755 1.10361973970166 0.203817497830883 -0.152296074762902 1.49135249206203 0.382363451634413 0.915375228677545
0.18 0.706897184653856 -1.51583187872638 -0.478915769263026 -0.995870439528969 1.15843339523714 0.206095465133359 -0.188571941733985 1.51026265804456 0.318249940047029 0.833780026218687
0.1825 0.695621115520028 -1.50484354759244 -0.490519712571006 -0.989925499346914 1.21142817733203 0.208526991209778 -0.222758553406764 1.52462077074612 0.25390389916672 0.748786933883439
0.185 0.68429474624529 -1.49385664266695 -0.50211111590053 -0.98303370728852 1.26254981949877 0.211095205440121 -0.254797951070264 1.53433729043423 0.189493629693392 0.66075545784057
0.1875 0.672924578251055 -1.48288015549291 -0.51368780104547 -0.97518929694217 1.31174711589112 0.213780133820065 -0.284645389740228 1.53933755205374 0.125184751760205 0.570058115647951
0.19 0.661516337470026 -1.47192169777542 -0.525248089040145 -0.966388056536802 1.35897200504264 0.216558820082992 -0.312269122679885 1.5395620173855 0.0611399416532489 0.477078722292814
0.1925 0.650074988222838 -1.46098753226091 -0.536790782328728 -0.956627321030888 1.40417964691776 0.219405460304312 -0.337650135070104 1.53496647966927 -0.0024813205448904 0.382210631476185
0.195 0.638604750136254 -1.45008260905894 -0.548315144888725 -0.945905960620726 1.44732849310559 0.222291550307112 -0.3607818290772 1.52552222004565 -0.065522992549338 0.285854940272882
0.1975 0.627109117949763 -1.43921060711729 -0.559820880435681 -0.934224365815469 1.48838035000408 0.225186045149465 -0.381669662697987 1.51121611532225 -0.127832700808792 0.188418665943709
0.2 0.615590884049936 -1.42837398054816 -0.571308108841257 -0.921584429232879 1.52730043485983 0.228055529941806 -0.400330744880237 1.49205069672494 -0.18926196090774 0.0903129032429807
0.2025 0.604052163565321 -1.41757400949068 -0.582777340901352 -0.907989524276449 1.56405742454684 0.230864401206622 -0.416793389529363 1.4680441594211 -0.24966638759822 -0.00804902916406255
0.205 0.592494421848686 -1.40681085518477 -0.594229451594628 -0.893444480859348 1.5986234969863 0.23357505796623 -0.431096631106075 1.43923032277343 -0.308905894583524 -0.106253444713294
0.2075 0.580918504168432 -1.39608361892181 -0.605665651975134 -0.87795555834551 1.63097436512746 0.236148101718234 -0.443289704606377 1.40565854141375 -0.366844884204096 -0.203888138866932
0.21 0.569324667426538 -1.38539040453005 -0.617087459845392 -0.861530415882053 1.66108930342933 0.238542544433779 -0.453431492791785 1.36739356739254 -0.4233524271895 -0.300544224741466
0.2125 0.557712613716834 -1.37472838404592 -0.628496669358356 -0.844178080300064 1.68895116680138 0.240716023697207 -0.461589943594508 1.32451536378972 -0.478302432580093 -0.395817946038194
0.215 0.546081525534459 -1.36409386621743 -0.639895319698252 -0.825908911763485 1.71454640198095 0.242625024085829 -0.467841460683981 1.27711887034555 -0.531573807994289 -0.489312459460681
0.2175 0.534430102445207 -1.35348236748211 -0.651285662991352 -0.806734567347485 1.73786505134412 0.244225103876673 -0.472270270213355 1.22531372179642 -0.583050610358216 -0.580639578677993
0.22 0.522756599021919 -1.34288868505902 -0.662670131598115 -0.786667962728601 1.75890074916583 0.245471126155325 -0.474967766801582 1.16922391977237 -0.632622187204542 -0.669421472186569
0.2225 0.511058863854312 -1.33230697179354 -0.674051304938193 -0.765723232169619 1.77765071036462 0.246317493396723 -0.476031841824611 1.10898745922776 -0.680183308703483 -0.755292307911298
0.225 0.499334379438456 -1.32173081239342 -0.68543187599917 -0.743915686981829 1.79411571178608 0.246718384579577 -0.475566197098374 1.04475591055734 -0.725634290471314 -0.837899837297601
0.2275 0.487580302752665 -1.31115330069561 -0.696814617678889 -0.721261772646464 1.80830006609778 0.246627993897644 -0.473679647038368 0.976693958660556 -0.768881107317169 -0.916906912405493
0.23 0.475793506327698 -1.30056711760621 -0.708202349109637 -0.697779024775754 1.82021158838731 0.246000770130092 -0.470485412369459 0.904978900371102 -0.809835497971979 -0.991992929412487
0.2325 0.463970619620963 -1.28996460935905 -0.719597902110444 -0.673486024092139 1.82986155557423 0.244791655739487 -0.466100408436664 0.829800101797743 -0.848415060894089 -1.06285519266825
0.235 0.452108070506884 -1.2793378657434 -0.73100408791128 -0.64840235060151 1.83726465876226 0.242956324771135 -0.460644531145196 0.751358417254503 -0.884543341226325 -1.12921019370175
0.2375 0.44020212669852 -1.26867879795715 -0.742423664289927 -0.622548537133375 1.84243894867947 0.240451418638017 -0.454239943508021 0.66986557158955 -0.918149908930654 -1.19079479978866
0.24 0.428248936919205 -1.25797921574856 -0.753859303258933 -0.59594602241728 1.84540577436739 0.237234778889863 -0.447010365741169 0.58554350782113 -0.949170428189392 -1.24736734756171
0.2425 0.41624457164713 -1.24723090351808 -0.765313559436229 -0.568617103860663 1.84618971530005 0.233265676077691 -0.439080371783647 0.498623702136663 -0.977546718065665 -1.29870863721399
0.245 0.404185063260522 -1.2364256950605 -0.776788839228742 -0.540584890188818 1.84481850712788 0.228505033847072 -0.430574695050039 0.409346448396327 -1.00322680447108 -1.34462282339446
0.2475 0.392066445416322 -1.22555554663777 -0.788287370953647 -0.511873254102569 1.84132296125847 0.222915647409438 -0.421617546156484 0.317960114387143 -1.02616496344044 -1.38493819948481
0.25 0.379884791501089 -1.21461260808421 -0.799811176016961 -0.482506785103925 1.83573687849992 0.216462395570641 -0.412331945267606 0.224720372177615 -1.04632175573809 -1.41950787231707
0.2525 0.36763625199908 -1.20358929165721 -0.811362041263698 -0.452510742633904 1.82809695700834 0.209112445515847 -0.402839071627933 0.129889405013908 -1.06366405274732 -1.44821032497808
0.255 0.355317090629227 -1.19247833835989 -0.822941492608117 -0.421911009660781 1.81844269479276 0.200835449583223 -0.393257632737566 0.0337350932562895 -1.07816505369336 -1.47094986570536
0.2575 0.342923719109885 -1.18127288147548 -0.834550770046506 -0.390734046850067 1.8068162870459 0.191603733287263 -0.383703255524876 -0.0634698180405239 -1.08980429410135 -1.48765696155967
0.26 0.330452730417813 -1.16996650706768 -0.846190804148627 -0.359006847440884 1.79326251857867 0.181392473886314 -0.374287901760283 -0.161448567258059 -1.09856764553522 -1.49828845592162
0.2625 0.317900930415852 -1.15855331121653 -0.85786219411722 -0.326756892945948 1.77782865165 0.170179868824837 -0.36511930982759 -0.259921237345777 -1.1044473065197 -1.502827669496
0.265 0.305265367732029 -1.14702795377481 -0.86956518749816 -0.294012109785017 1.76056430949267 0.15794729341813 -0.356300464847999 -0.358605627206763 -1.10744178464793 -1.50128438487172
0.2675 0.29254336178148 -1.13538570844674 -0.88129966161668 -0.260800826953796 1.74152135584514 0.144679447185543 -0.347929099019028 -0.457218130529325 -1.10755586980109 -1.49369471528361
0.27 0.279732528831534 -1.12362250900731 -0.893065106807759 -0.227151734822505 1.72075377080889 0.130364488281103 -0.340097223894605 -0.555474619256537 -1.10480059847018 -1.480120858815
0.2725 0.26683080601938 -1.11173499149819 -0.904860611501304 -0.193093845149911 1.69831752335813 0.114994155510965 -0.332890696185746 -0.653091328840816 -1.09919320908274 -1.46065073944476
0.275 0.253836473241186 -1.09972053225381 -0.916684849215086 -0.158656452390728 1.67427044083506 0.0985638774739722 -0.3263888185238 -0.749785742452905 -1.09075708833127 -1.4353975371743
0.2775 0.240748172841065 -1.08757728162932 -0.928536067500654 -0.123869096365578 1.64867207577043 0.081072868403415 -0.320663976474425 -0.845277471258378 -1.0795217084277 -1.40449910983783
0.28 0.227564927037939 -1.07530419332055 -0.940412078879601 -0.0887615263545364 1.62158357037301 0.0625242103390102 -0.315781312937317 -0.939289127956202 -1.06552255526349 -1.36811730937321
0.2825 0.214286153038141 -1.06290104918443 -0.952310253799684 -0.053363666666662 1.59306751903672 0.0429249213013404 -0.311798440919113 -1.03154719073024 -1.04880104741426 -1.3264371963089
0.285 0.200911675791446 -1.05036847948732 -0.964227515632357 -0.0177055837294729 1.56318782921535 0.0222860091932914 -0.308765195503285 -1.12178285482699 -1.02940444598019 -1.27966615602603
0.2875 0.187441738358038 -1.03770797852687 -0.976160337725358 0.0181825452659814 1.53200958101828 0.000622511198835988 -0.306723425690653 -1.20973286899513 -1.00738575520842 -1.22803292125927
0.29 0.173877009863799 -1.0249219155923 -0.988104742516141 0.0542704621374514 1.49959888588007 -0.0220464814980443 -0.305706826623722 -1.29514035408136 -0.982803613932202 -1.17178650544031
0.2925 0.160218591031067 -1.01201354124592 -1.00005630270406 0.090527855882093 1.46602274465778 -0.0456978138042115 -0.305740812550364 -1.37775560111778 -0.95572217776015 -1.11119505170223
0.295 0.14646801728172 -0.998986988927655 -1.01201014447156 0.126924389234802 1.43134890550769 -0.0703042716965612 -0.306842430728572 -1.4573368463089 -0.926210992077544 -1.04654460311926
0.2975 0.132627259419048 -0.985847271902144 -1.02396095273682 0.163429723611349 1.3956457218917 -0.0958346021169489 -0.309020316314939 -1.53365102040866 -0.894344855874395 -0.978137799554439
0.3 0.118698721904285 -0.972600275586109 -1.03590297841314 0.200013542441506 1.35898201106009 -0.122253547763434 -0.312274688128686 -1.60647447003667 -0.860203676416542 -0.906292507193579
0.3025 0.104685238752965 -0.959252745311133 -1.04783004764252 0.236645572904719 1.32142691335369 -0.149521896705681 -0.316597385028841 -1.67559364859381 -0.823872314850647 -0.831340386781271
0.305 0.0905900670853201 -0.945812269594291 -1.0597355729643 0.273295606088549 1.28304975266286 -0.177596546704786 -0.321971942493348 -1.7408057745362 -0.78544042281225 -0.753625406980155
0.3075 0.0764168783737764 -0.932287259005735 -1.07161256637221 0.309933515596971 1.24391989837535 -0.206430584069363 -0.328373708844125 -1.80191945484402 -0.745002270127765 -0.673502309381134
0.31 0.0621697474392039 -0.918686920738742 -1.08345365420691 0.346529274642743 1.20410662913779 -0.235973376830797 -0.335770000415004 -1.85875527167562 -0.702656563746931 -0.591335031909862
0.3125 0.0478531392559161 -0.905021229003462 -1.09525109382419 0.383052971664832 1.1636789987481 -0.26617068197371 -0.344120294821605 -1.91114633029525 -0.658506258033652 -0.507495097406313
0.315 0.0334718936334338 -0.891300891380868 -1.10699679197299 0.419474824517563 1.12270570448722 -0.296964766413235 -0.353376461359304 -1.95893876647693 -0.612658356612418 -0.422359974422922
0.3175 0.0190312078508412 -0.877537311288153 -1.11868232481125 0.455765193285364 1.08125495818953 -0.328294541362041 -0.363483027415608 -2.00199221175955 -0.565223705935871 -0.336311417175507
0.32 0.00453661732695108 -0.863742546720899 -1.13029895948184 0.49189459178165 1.03939436034067 -0.360095709689766 -0.374377479663267 -2.04018021502704 -0.516316780793247 -0.249733791755762
0.3225 -0.0100060255833 -0.849929265450821 -1.14183767716537 0.527833697796628 0.997190777480894 -0.392300925832094 -0.385990598673159 -2.07339061905341 -0.4660554620391 -0.16301239565258
0.325 -0.0245905745690405 -0.83611069687085 -1.15328919752147 0.563553362163748 0.954710223180247 -0.424839967766245 -0.398246825467171 -2.10152589080569 -0.414560806761602 -0.0765317776655871
0.3275 -0.0392106140165213 -0.822300580691464 -1.16464400442518 0.599024616719339 0.912017742839173 -0.457639920528868 -0.411064658420902 -2.12450340443895 -0.361956811233402 0.00932593474308124
0.33 -0.0538594852252038 -0.808513112703862 -1.17589237290036 0.634218681234884 0.869177302555984 -0.490625370714675 -0.424357078810213 -2.14225567608118 -0.308370166915851 0.094182693829491
0.3325 -0.0685303140711542 -0.794762887836464 -1.187024397148 0.669106969405379 0.826251682287807 -0.523718611355521 -0.438032003200866 -2.15473054967784 -0.253930009920562 0.177666168675319
0.335 -0.0832160399966241 -0.781064840741525 -1.19803001956274 0.703661093981383 0.783302373518714 -0.556839856544389 -0.451992760771495 -2.1618913333157 -0.198767664236937 0.259411354397525
0.3375 -0.0979094461994697 -0.767434184158232 -1.20889906062778 0.737852871136342 0.740389481633307 -0.589907465135442 -0.466138593574506 -2.16371688562555 -0.143016379147285 0.339062146888226
0.34 -0.112603190891296 -0.753886345307616 -1.21962124957433 0.771654324163612 0.697571633178699 -0.622838172817904 -0.480365177646003 -2.16020165202918 -0.0868110612585985 0.41627287659851
0.3425 -0.127289839488774 -0.740436900582838 -1.23018625568892 0.805037686601531 0.654905888183359 -0.655547331831027 -0.494565162795098 -2.15135565076957 -0.0302880015244804 0.490709795241034
0.345 -0.141961897598437 -0.727101508805948 -1.24058372014917 0.83797540488711 0.612447657684075 -0.687949157559726 -0.508628728823262 -2.13720440883187 0.0264154022217186 0.562052509319818
0.3475 -0.156611844651567 -0.713895843329062 -1.25080328826558 0.870440140641862 0.570250626596989 -0.719956981221453 -0.52244415585513 -2.11778884804467 0.083160926820657 0.629995354875657
0.35 -0.171232168042341 -0.700835523264052 -1.26083464200535 0.902404772695448 0.528366682052033 -0.751483507832321 -0.535898406391597 -2.09316512181246 0.139809808898483 0.694248707723837
0.3525 -0.185815397619467 -0.687936044130198 -1.27066753267175 0.933842398954702 0.486845847292667 -0.782441078615513 -0.548877716641869 -2.06340440311739 0.196223033067134 0.754540224137522
0.355 -0.20035414037886 -0.675212708213865 -1.28029181361145 0.964726338227569 0.445736221227464 -0.812741936995853 -0.561268194629956 -2.02859262457977 0.252261622716918 0.810616006926862
0.3575 -0.214841115202716 -0.662680554938196 -1.2896974728207 0.995030132112376 0.405083923701538 -0.842298497304251 -0.572956422529583 -1.98883017156321 0.307786932860057 0.862241692220452
0.36 -0.229269187488509 -0.650354291543743 -1.29887466532054 1.02472754706423 0.364933046539843 -0.871023615301331 -0.583830060638088 -1.94423152943873 0.362660944536213 0.909203452742518
0.3625 -0.243631403510073 -0.638248224383262 -1.30781374517067 1.0537925767508 0.325325610397356 -0.8988308596135 -0.593778450364701 -1.89492488633202 0.416746560229336 0.951308913479676
0.365 -0.257921024351979 -0.626376191135156 -1.31650529699137 1.08219944481008 0.286301527433709 -0.925634783165756 -0.602693213586411 -1.8410516927814 0.469907899814072 0.988387976051559
0.3675 -0.272131559257958 -0.614751494240485 -1.32494016686328 1.10992260812256 0.247898569813522 -0.95135119368514 -0.610468845702514 -1.78276617995372 0.52201059644658 1.02029354851914
0.37 -0.286256798234178 -0.603386835867942 -1.33310949247541 1.13693676070958 0.210152344017033 -0.975897422342335 -0.617003299711262 -1.72023483813944 0.572922091920096 1.04690217762687
0.3725 -0.300290843748725 -0.5922942547096 -1.34100473239271 1.16321683836888 0.173096270928815 -0.999192589599182 -0.622198558630135 -1.6536358574696 0.622511930953409 1.0681145809424
0.375 -0.314228141369749 -0.581485064907676 -1.34861769431629 1.1887380241567 0.13676157165697 -1.02115786732479 -0.625961193588982 -1.58315853286131 0.670652053878729 1.08385607652933
0.3775 -0.328063509186438 -0.570969797408847 -1.35594056221115 1.21347575482365 0.101177259018492 -1.04171673625066 -0.628202904944582 -1.50900263538221 0.717217087232847 1.09407690846624
0.38 -0.341792165859284 -0.560758144037823 -1.36296592217875 1.23740572830954 0.0663701346124218 -1.06079523783802 -0.628841043790036 -1.43137775230613 0.76208463174847 1.09875246665837
0.3825 -0.355409757149014 -0.550858904575791 -1.36968678695474 1.26050391239852 0.032364791385132 -1.07832221964292 -0.627799111277402 -1.35050259828687 0.805135547219441 1.09788339985779
0.385 -0.368912380777227 -0.541279937122109 -1.37609661891558 1.28274655463296 -0.000816378419313776 -1.09422957327593 -0.625007233214039 -1.26660430012097 0.846254233780534 1.09149562129797
0.3875 -0.382296609475995 -0.532028112009005 -1.38218935148179 1.30411019357938 -0.0331531700479005 -1.10845246407031 -0.620402607462366 -1.17991765772961 0.885328909099153 1.07964020655479
0.39 -0.395559512088781 -0.523109269529096 -1.38795940880999 1.32457167153545 -0.0646275479018859 -1.12092955159446 -0.613929921742405 -1.09068438402478 0.922251880997784 1.06239318384439
0.3925 -0.408698672590731 -0.514528181724272 -1.39340172367106 1.34410814876106 -0.0952236222239216 -1.13160320016589 -0.605541739524467 -0.999152326419676 0.956919815052656 1.03985521720368
0.395 -0.421712206902974 -0.506288518471757 -1.39851175341743 1.36269711930975 -0.124927620970368 -1.14041967855511 -0.595198851799333 -0.905574672798856 0.989233996677229 1.01215118354412
0.3975 -0.434598777382804 -0.498392818089029 -1.40328549394854 1.38031642853048 -0.153727857041632 -1.14732934809657 -0.58287059262457 -0.810209144820705 1.01910058725836 0.979429644797236
0.4 -0.447357604879773 -0.49084246266367 -1.40771949159043 1.39694429230116 -0.181614691053873 -1.15228683846253 -0.568535116471732 -0.713317181447025 1.04643087387149 0.94186221700678
0.4025 -0.459988478256558 -0.483637658297226 -1.41181085281297 1.41255931804699 -0.208580489846864 -1.1552512103925 -0.552179635540628 -0.615163115637864 1.07114151211504 0.899642838413035
0.405 -0.472491761283147 -0.476777420433615 -1.41555725171573 1.42714052758762 -0.234619580929834 -1.15618610471742 -0.533800615356413 -0.516013347162384 1.09315476163052 0.852986939005667
0.4075 -0.484868396823374 -0.470259564422776 -1.4189569352225 1.44066738184647 -0.259728203078392 -1.1550598770625 -0.513403927132837 -0.416135514456724 1.11239871382051 0.802130514597252
0.41 -0.497119908244019 -0.464080701448898 -1.42200872593322 1.45311980744544 -0.283904453300876 -1.15184571766526 -0.491004955564284 -0.315797668478817 1.12880751134078 0.747329108592893
0.4125 -0.509248397988681 -0.458236239929962 -1.42471202259183 1.46447822519624 -0.307148230401416 -1.14652175579994 -0.466628660899048 -0.21526745146453 1.14232155887394 0.68885670523128
0.415 -0.521256543271303 -0.452720392471376 -1.42706679813859 1.4747235804877 -0.329461175371762 -1.13907114835683 -0.440309594353131 -0.114811283459332 1.15288772472332 0.62700453831417
0.4175 -0.53314758885758 -0.44752618843135 -1.429073595326 1.48383737555545 -0.350846608849908 -1.12948215218733 -0.412091866134599 -0.0146935594515972 1.1604595327523 0.562079819909288
0.42 -0.544925336916451 -0.442645492129409 -1.4307335198885 1.4918017036073 -0.37130946588774 -1.11774817989013 -0.382029065578401 0.0848241401230793 1.16499734415548 0.494404393824577
0.4225 -0.556594133938424 -0.438069026702174 -1.43204823126753 1.4985992847633 -0.390856228273284 -1.10386783878044 -0.350184133125423 0.183483822826637 1.16646852858128 0.424313318956625
0.425 -0.568158854732491 -0.433786403582429 -1.43301993090519 1.50421350375588 -0.409494854655947 -1.08784495285485 -0.316629184121303 0.281031838989884 1.16484762406818 0.352153388077705
0.4275 -0.579624883528884 -0.429786157548537 -1.4336513481319 1.50862844931969 -0.427234708725553 -1.06968856763592 -0.281445284668582 0.377219615321312 1.16011648527104 0.278281587859895
0.43 -0.590998092230675 -0.426055787261884 -1.43394572368559 1.51182895518728 -0.444086485695477 -1.04941293785561 -0.244722180015087 0.471804364926248 1.15226441940979 0.20306350625041
0.4325 -0.602284815873289 -0.422581801180088 -1.43390679091234 1.51380064258982 -0.460062137342188 -1.02703749800928 -0.206557976230005 0.564549771463478 1.14128830939144 0.126871693627075
0.435 -0.613491825367165 -0.419349768703562 -1.43353875471103 1.51452996414843 -0.475174795851379 -1.00258681589215 -0.167058776182265 0.655226645283161 1.12719272350182 0.0500839844335703
0.4375 -0.62462629761506 -0.4163443763829 -1.43284626829672 1.51400424902544 -0.489438696719761 -0.976090529303533 -0.126338271100138 0.743613549499746 1.10999001107648 -0.0269182137404473
0.44 -0.635695783111589 -0.413549488984482 -1.43183440787023 1.51221174919016 -0.50286910096004 -0.947583266183123 -0.0845172892612581 0.829497394132065 1.08970038351511 -0.103751656458228
0.4425 -0.646708171148663 -0.410948215182063 -1.43050864529333 1.50914168663868 -0.515482216852317 -0.91710454852011 -0.0417233036201003 0.912673996581224 1.0663519800295 -0.180033016767537
0.445 -0.657671652766033 -0.408522977613045 -1.42887481888104 1.50478430139319 -0.527295121482327 -0.884698680450685 0.00191009955291661 0.992948606848433 1.03998091744779 -0.255380649946985
0.4475 -0.668594681601514 -0.40625558700985 -1.42693910243415 1.49913090009167 -0.538325682302143 -0.850414621035449 0.0462437887052048 1.07013639609876 1.01063132344509 -0.329416360998151
0.45 -0.679485932810085 -0.404127320089625 -1.42470797264632 1.49217390496604 -0.548592478943212 -0.814305842278614 0.0911336891371574 1.14406290730627 0.978355352525194 -0.401767167006518
0.4525 -0.690354260235081 -0.402119000859456 -1.42218817503055 1.4839069029939 -0.558114725507186 -0.776430173024586 0.136431416437852 1.21456446690309 0.943213184070195 -0.47206704650726
0.455 -0.701208652027977 -0.400211084969839 -1.41938668852033 1.47432469499748 -0.566912193551784 -0.736849629429355 0.181984938203335 1.2814885565343 0.905273001814019 -0.539958667865608
0.4575 -0.712058184925535 -0.398383746726324 -1.41631068890953 1.46342334445251 -0.575005135982993 -0.695630232774692 0.227639260801926 1.34469414416534 0.864610954071025 -0.605095088616982
0.46 -0.722911977404357 -0.3966169683483 -1.41296751130425 1.45120022576037 -0.582414212057602 -0.65284181544638 0.273237137768821 1.40405197399712 0.821311094055163 -0.667141417964873
0.4625 -0.733779141943101 -0.394890631045127 -1.40936461176719 1.43765407172838 -0.589160413690407 -0.608557815958294 0.318619796233195 1.45944481479148 0.775465299665999 -0.725776434328732
0.465 -0.744668736631464 -0.393184607463263 -1.40550952834196 1.4227850199961 -0.595264993254208 -0.562855063953095 0.363627677628325 1.51076766639625 0.727173172132767 -0.780694150278483
0.4675 -0.755589716372621 -0.391478855043994 -1.40140984165063 1.4065946581399 -0.600749393049405 -0.515813556154808 0.408101188804856 1.55792792442219 0.676541912922107 -0.831605317126147
0.47 -0.766550883932006 -0.38975350981987 -1.39707313526247 1.38908606718443 -0.605635176612219 -0.467516224291235 0.451881459553417 1.60084550320072 0.623686178381916 -0.878238861644733
0.4725 -0.777560841089863 -0.387988980169315 -1.39250695603531 1.37026386324641 -0.60994396202059 -0.418048696036154 0.494811102458622 1.63945291728996 0.568727911595266 -0.920343247768139
0.475 -0.788627940158239 -0.386166040042959 -1.38771877463354 1.35013423703623 -0.613697357346088 -0.367499050050686 0.536734970945037 1.67369532198879 0.511796151022688 -0.957687756038963
0.4775 -0.799760236124405 -0.384265921172458 -1.38271594642782 1.32870499094347 -0.616916898390877 -0.315957566223703 0.57750091134003 1.70353051344076 0.453026815526515 -0.99006367430647
0.48 -0.810965439682631 -0.382270403772618 -1.37750567298176 1.30598557343503 -0.619623988837873 -0.263516472227813 0.616960504767581 1.72892888907263 0.392562465455843 -1.01728539318773
0.4825 -0.822250871414307 -0.380161905250976 -1.37209496432917 1.28198711049969 -0.621839842931268 -0.210269687513707 0.65496979470727 1.74987336924573 0.330552039551739 -1.03919140025432
0.485 -0.833623417372899 -0.377923566445237 -1.36649060224348 1.25672243387834 -0.62358543079519 -0.156312565869579 0.691389996095508 1.76635928111713 0.267150567510309 -1.05564516748989
0.4875 -0.845089486324956 -0.375539334918454 -1.36069910469655 1.23020610582859 -0.624881426484911 -0.101741637664687 0.726088181919855 1.77839420586676 0.202518858114145 -1.06653592675264
0.49 -0.856654968891468 -0.3729940448543 -1.35472669169956 1.20245444018098 -0.625748158857636 -0.0466543528859802 0.758937943353291 1.78599779050703 0.13682316297902 -1.07177932871183
0.4925 -0.868325198825365 -0.370273493110293 -1.3485792527119 1.17348551945691 -0.626205565335218 0.00885117394337219 0.789820019605773 1.78920152565033 0.0702348160207001 -1.07131798105681
0.495 -0.880104916650725 -0.367364511005275 -1.34226231579711 1.14331920783083 -0.626273148623562 0.0646764158994603 0.818622893813527 1.78804849067142 0.00292984889966036 -1.06512186247247
0.4975 -0.891998235877654 -0.364255031438636 -1.33578101869555 1.11197715973519 -0.625969936440145 0.120722681815102 0.845243351473192 1.78259306779415 -0.0649114172166875 -1.05318860929986
0.5 -0.904008611993544 -0.3609341509628 -1.32914008197457 1.07948282392234 -0.625314444292312 0.1768913594649 0.869586998115889 1.77290062673002 -0.133104803095771 -1.03554367257622
0.5025 -0.916138814417021 -0.357392186456853 -1.32234378440554 1.04586144281621 -0.624324641336677 0.233084152827461 0.891568733150386 1.75904718153013 -0.201462725470581 -1.01224034360373
0.505 -0.92839090158492 -0.353620726078085 -1.31539594070578 1.01114004700571 -0.623017919341339 0.289203312523177 0.911113177035055 1.74111902140058 -0.269794672963898 -0.983359646993009
0.5075 -0.940766199325796 -0.349612674199219 -1.30829988177062 0.975347444752593 -0.621411064760269 0.345151858581344 0.928155049215469 1.71921231726074 -0.337907703005888 -0.949010100568973
0.51 -0.95326528265527 -0.345362290071936 -1.30105843750758 0.938514206408213 -0.619520233921687 0.400833794747227 0.942639494527264 1.69343270587549 -0.405606958780719 -0.909327342455353
0.5125 -0.965887961109673 -0.34086521999215 -1.29367392237035 0.900672643656247 -0.617360931319735 0.45615431360601 0.954522356077451 1.66389485340566 -0.472696205065033 -0.86447362613037
0.515 -0.978633267714529 -0.336118522778477 -1.28614812367563 0.861856783522279 -0.614947990991668 0.511019991864336 0.963770392909021 1.63072200026293 -0.53897838168938 -0.814637184842847
0.5175 -0.991499451664081 -0.331120688412831 -1.27848229277062 0.822102337115164 -0.612295560951851 0.5653389752024 0.970361441086183 1.59404548915404 -0.60425617324962 -0.760031467899625
0.52 -1.00448397476701 -0.325871649730443 -1.2706771391032 0.781446663090077 -0.609417090646006 0.619021152182636 0.974284517161957 1.5540042781968 -0.668332593516019 -0.700894251241286
0.5225 -1.01758351169217 -0.320372787085662 -1.26273282723097 0.739928725848191 -0.606325321379639 0.671978316773637 0.975539863320451 1.51074444101946 -0.731011582927169 -0.637486626186163
0.525 -1.03079395402662 -0.314626925959469 -1.25464897678902 0.697589048513469 -0.603032279667288 0.724124319127643 0.974138933837226 1.4644186556772 -0.792098617364133 -0.570091870267299
0.5275 -1.04411041813648 -0.308638327514328 -1.2464246654201 0.65446966075247 -0.599549273440344 0.77537520432597 0.970104322832411 1.41518568429448 -0.851401326316267 -0.499014205007448
0.53 -1.05752725679964 -0.302412672141683 -1.23805843465453 0.610614041528182 -0.595886891044999 0.825649338885143 0.963469633638429 1.36320984521885 -0.908730118476719 -0.424577445926489
0.5325 -1.07103807455788 -0.295957036086654 -1.22954829871107 0.566067056904522 -0.592055002952881 0.874867524894106 0.954279290441824 1.30866047950746 -0.963898812612621 -0.347123550834366
0.535 -1.08463574671496 -0.289279861273269 -1.22089175617404 0.520874893042256 -0.588062766102396 0.922953101732689 0.942588293194989 1.25171141350783 -1.01672527153379 -0.267011072731399
0.5375 -1.09831244188655 -0.282390918491356 -1.21208580448624 0.475084984551501 -0.583918630780915 0.969832035394705 0.928461917115606 1.19254041923878 -1.06703203689638 -0.184613524517065
0.54 -1.11205964798813 -0.275301264143094 -1.20312695718221 0.428745938389482 -0.57963034995244 1.01543299551667 0.911975358417634 1.13132867425313 -1.11464696241898 -0.100317662747497
0.5425 -1.12586820152742 -0.26802319078268 -1.19401126377146 0.381907453514363 -0.575204990930611 1.05968742028477 0.893213328219513 1.06826022259352 -1.15940384314726 -0.0145216985236144
0.545 -1.13972832004988 -0.260570171716581 -1.18473433216725 0.334620236528144 -0.570648949290971 1.1025295694631 0.872269596870737 1.00352143839774 -1.20114303823884 0.0723665561326426
0.5475 -1.15362963756799 -0.252956799964208 -1.17529135354297 0.286935913561542 -0.565967964912721 1.14389656585323 0.8492464912234 0.937300493664549 -1.23971208475434 0.159931597983361
0.55 -1.16756124278893 -0.245198721909224 -1.16567712948554 0.238906938673665 -0.561167140034784 1.18372842556165 0.824254347632872 0.869786831618491 -1.27496629988266 0.247752189052784
0.5525 -1.18151171993975 -0.237312566000183 -1.15588610130314 0.19058649905675 -0.556250959209512 1.22196807750718 0.797410923723557 0.801170647023262 -1.30676936904807 0.335403350858464
0.555 -1.19546919197514 -0.229315866885437 -1.14591238133357 0.142028417353197 -0.551223311031715 1.25856137266372 0.768840772184687 0.731642374784038 -1.3349939172658 0.422458386771313
0.5575 -1.20942136594016 -0.221226985391239 -1.13574978608938 0.093287051407373 -0.546087511519404 1.29345708357943 0.738674580067415 0.661392188036008 -1.35952206121364 0.508490922923684
0.56 -1.2233555802486 -0.213065024773521 -1.12539187106657 0.0444171917878164 -0.540846329020235 1.3266068947658 0.707048477245516 0.590609506913086 -1.38024593940906 0.59307695782234
0.5625 -1.23725885362782 -0.204849743692972 -1.11483196703544 -0.0045260425719991 -0.535502010515145 1.35796538459171 0.674103317868894 0.519482519059339 -1.39706821801335 0.675796910877875
0.565 -1.25111793547188 -0.196601466379559 -1.10406321762498 -0.0534873102560301 -0.530056309189838 1.38748999935567 0.639983938782678 0.448197712923285 -1.40990256971914 0.756237659828804
0.5675 -1.26491935733774 -0.188340990466595 -1.09307861800583 -0.102411154404254 -0.524510513143389 1.41514102024363 0.604838399011149 0.376939424752303 -1.41867412335168 0.833994557413874
0.57 -1.27864948531347 -0.180089492985785 -1.08187105447187 -0.151242110533305 -0.51886547510267 1.4408815239072 0.568817204503337 0.305889400176747 -1.42331988177028 0.908673417280963
0.5725 -1.29229457298296 -0.171868435023286 -1.07043334471633 -0.199924814760163 -0.513121643012039 1.46467733742227 0.532072522413908 0.235226371162426 -1.42378910584826 0.979892459531852
0.575 -1.30584081470877 -0.16369946554286 -1.05875827859506 -0.248404112045818 -0.507279091366304 1.486496988403 0.494757389250851 0.165125649044797 -1.42004366231149 1.04728420649638
0.5775 -1.31927439895352 -0.155604324885426 -1.04683865916821 -0.296625164074703 -0.501337553157616 1.50631165106265 0.45702491724772 0.0957587343018175 -1.41205833338841 1.11049731922152
0.58 -1.33258156135995 -0.147604748455092 -1.03466734380997 -0.344533556385157 -0.495296452306072 1.52409508901869 0.419027503333296 0.0272929436261206 -1.39982108628153 1.16919836581189
0.5825 -1.34574863731162 -0.139722371099677 -1.02223728517689 -0.392075404368178 -0.489154936447591 1.53982359564157 0.380916045048865 -0.0401089452156291 -1.38333330070487 1.22307351282953
0.585 -1.35876211369879 -0.13197863268932 -1.00954157182584 -0.439197457755045 -0.482911909951545 1.55347593274609 0.342839167735672 -0.106289030284694 -1.36260995269033 1.27183013125363
0.5875 -1.37160867961849 -0.124394685389611 -0.996573468275538 -0.485847203219632 -0.476566067046191 1.56503326841653 0.304942467250083 -0.17109460382135 -1.3376797532361 1.31519830907494
0.59 -1.3842752757434 -0.116991303116224 -0.98332645430833 -0.531972964727672 -0.470115924929135 1.57447911474339 0.267367772388681 -0.234378451710032 -1.30858524032548 1.35293226288317
0.5925 -1.39674914210104 -0.109788793646006 -0.969794263313367 -0.577524001274173 -0.463559856745823 1.58179926623406 0.23025243110101 -0.295999133887814 -1.27538282314888 1.38481164118245
0.595 -1.40901786401312 -0.102806913845234 -0.955970919477511 -0.622450601659601 -0.456896124320229 1.5869817396383 0.193728624451891 -0.355821245507718 -1.23814277745454 1.41064271292142
0.5975 -1.42106941595416 -0.0960647884591488 -0.941850773636302 -0.666704175967322 -0.45012291052637 1.59001671590173 0.157922712146143 -0.413715658789997 -1.19694919119068 1.43025943487561
0.6 -1.43289220309951 -0.0895808328881338 -0.927428537604439 -0.710237343417852 -0.443238351192927 1.59089648493251 0.122954613280627 -0.469559745520766 -1.15189985972692 1.44352439244468
0.6025 -1.44447510034428 -0.0833726803549981 -0.912699316813047 -0.753004016289672 -0.436240566436893 1.58961539383102 0.0889372257969536 -0.523237580230651 -1.10310613017322 1.45032960862615
0.605 -1.45580748858797 -0.0774571138449406 -0.897658641089764 -0.794959479612353 -0.429127691326978 1.58616979919228 0.0559758879236775 -0.574640124142779 -1.05069269455405 1.4505972167791
0.6075 -1.46687928809328 -0.0718500031749634 -0.882302493427188 -0.836060466355317 -0.421897905781492 1.58055802405177 0.0241678846773039 -0.623665390019083 -0.994797331657601 1.4442799933328
0.61 -1.47768098874281 -0.066566247522808 -0.866627336595491 -0.87626522785324 -0.414549463610187 1.57278031999602 -0.00639799773515637 -0.670218588096169 -0.935570597739441 1.43136174719273
0.6125 -1.48820367703293 -0.06161972371706 -0.850630137466074 -0.915533599229781 -0.407080720614988 1.56283883491345 -0.0356418670129557 -0.714212253345744 -0.873175466403098 1.41185756321012
0.615 -1.49843905966113 -0.0570232405600945 -0.834308388924804 -0.9538270596013 -0.399490161668369 1.55073758680387 -0.0634930670180748 -0.755566354332091 -0.807786918128726 1.38581389790334
0.6175 -1.5083794835807 -0.0527884994238956 -0.817660129265698 -0.991108786864877 -0.391776426694308 1.53648244401418 -0.0898904651224485 -0.794208383975699 -0.73959148025307 1.35330852608295
0.62 -1.51801795241482 -0.0489260613258654 -0.800683958968954 -1.02734370689739 -0.383938335482077 1.52008111220677 -0.114782682863358 -0.830073432579515 -0.668786718313965 1.3144503378758
0.6225 -1.52734813914138 -0.0454453206574206 -0.783379054780623 -1.06249853701654 -0.375974911266921 1.50154312830457 -0.138128268417698 -0.863104243490518 -0.595580679918671 1.26937898623683
0.625 -1.53636439497944 -0.0423544857027862 -0.765745181025307 -1.09654182357941 -0.367885403019424 1.48087986159931 -0.159895809714196 -0.893251251802253 -0.52019129253446 1.21826438583742
0.6275 -1.5450617544284 -0.0396605660488986 -0.747782698097693 -1.12944397361948 -0.359669306388648 1.45810452213694 -0.180063987316769 -0.920472606532977 -0.442845716733668 1.16130606465516
0.63 -1.55343593643171 -0.0373693669499662 -0.729492568093603 -1.16117728044927 -0.351326383251255 1.43323217643151 -0.198621566538196 -0.944734176709618 -0.363779656710173 1.09873237073123
0.6325 -1.56148334165819 -0.0354854906721694 -0.710876357556415 -1.19171594318256 -0.342856679823346 1.40627977049194 -0.215567328570275 -0.966009541844663 -0.283236630055075 1.03079953670687
0.635 -1.56920104591511 -0.0340123448052564 -0.691936237330204 -1.22103608015695 -0.334260543297226 1.37726616007048 -0.230909940755762 -0.984279967235869 -0.201467198929795 0.957790605912103
0.6375 -1.57658678972905 -0.0329521574886785 -0.672674979526645 -1.24911573626554 -0.325538636971865 1.34621214797826 -0.244667766466271 -0.999534364601894 -0.118728165056477 0.880014224163794
0.64 -1.58363896415225 -0.0323059994605756 -0.653095951628528 -1.27593488423367 -0.316691953849761 1.31314052823802 -0.256868615392078 -1.01176923850452 -0.0352817310737116 0.797803302010013
0.6425 -1.59035659287377 -0.0320738127984807 -0.633203107768605 -1.30147541990502 -0.307721828679014 1.27807613677501 -0.267549435394823 -1.02098861903829 0.0486053690261334 0.711513553360709
0.645 -1.5967393107367 -0.0322544461812922 -0.613000977238448 -1.32572115162885 -0.298629948425362 1.24104590827693 -0.276755947417423 -1.02720398124948 0.132662767412212 0.621521916129017
0.6475 -1.60278733878375 -0.0328456964631733 -0.592494650297725 -1.34865778386792 -0.289418361162299 1.20207893878382 -0.284542225281381 -1.03043415174499 0.216617384869165 0.528224862106167
0.65 -1.60850145597523 -0.0338443563114909 -0.571689761369957 -1.37027289517407 -0.28008948337464 1.1612065535 -0.290970222547173 -1.0307052029274 0.300194374871525 0.432036603149667
0.6525 -1.61388296774349 -0.0352462676233747 -0.550592469726176 -1.39055591070538 -0.270646105674105 1.11846237925486 -0.296109248929834 -1.02805033528456 0.383118086014538 0.333387201626418
0.655 -1.61893367156872 -0.0370463803986438 -0.529209437772934 -1.40949806948504 -0.261091396931214 1.07388242097267 -0.300035399099519 -1.02250974813178 0.465113039141163 0.232720593630856
0.6575 -1.62365581977994 -0.0392388167114701 -0.507547807075693 -1.42709238662798 -0.251428906832836 1.02750514145225 -0.302830936995266 -1.01413049919426 0.545904915670952 0.130492533669336
0.66 -1.62805207980408 -0.0418169393890515 -0.485615172262617 -1.44333361078569 -0.241662566877982 0.979371543694712 -0.304583639085926 -1.00296635339076 0.625221553289704 0.0271684704543162
0.6625 -1.6321254921035 -0.0447734249731746 -0.463419552967305 -1.45821817708374 -0.231796689830087 0.929525254965671 -0.305386100299657 -0.9890776211479 0.702793945193568 -0.0767786367283367
0.665 -1.63587942605918 -0.048100340510135 -0.440969363981584 -1.47174415584874 -0.221835967648186 0.878012611726214 -0.305335006605609 -0.97253098655079 0.778357238964892 -0.180870550669253
0.6675 -1.63931753407209 -0.0517892236860958 -0.418273383801435 -1.48391119744284 -0.211785467922268 0.82488274451598 -0.304530378489454 -0.953399325618834 0.851651731083655 -0.284626027533489
0.67 -1.64244370416953 -0.0558311657990794 -0.395340721760056 -1.49472047354349 -0.20165062884387 0.770187661836903 -0.303074789791297 -0.931761514949518 0.922423853026199 -0.387563116125879
0.6725 -1.64526201141592 -0.0602168970353499 -0.372180783952042 -1.50417461522406 -0.191437252745076 0.713982332042146 -0.301072566580367 -0.907702230960243 0.99042714491334 -0.489201473948214
0.675 -1.64777666843847 -0.0649368734975078 -0.348803238161517 -1.51227764820744 -0.181151498243619 0.65632476221073 -0.298628970930962 -0.881311739944515 1.05542321257285 -0.589064688964686
0.6775 -1.64999197538791 -0.0699813654139486 -0.325217978014796 -1.51903492567897 -0.170799871034907 0.597276072957017 -0.295849374614375 -0.852685679089467 1.11718266396523 -0.686682595782158
0.68 -1.65191226966178 -0.075340545945154 -0.30143508658456 -1.52445305905704 -0.160389213375124 0.536900568113901 -0.292838427858227 -0.82192482864931 1.17548602090278 -0.781593574813597
0.6825 -1.65354187572387 -0.0810045799912499 -0.277464799677704 -1.52853984713043 -0.14992669230254 0.475265798211064 -0.289699228419507 -0.789134875379214 1.2301246020162 -0.873346823016224
0.685 -1.65488505535711 -0.0869637123978889 -0.253317469042733 -1.53130420397863 -0.139419786646789 0.41244261666948 -0.286532496290973 -0.754426167381887 1.28090137304752 -0.961504584798131
0.6875 -1.65594595868876 -0.0932083549538465 -0.229003525734898 -1.53275608609731 -0.12887627287946 0.34850522763731 -0.283435759395384 -0.717913460442842 1.32763176054117 -1.04564433198608
0.69 -1.65672857632683 -0.0997291715736486 -0.204533443878074 -1.53290641915414 -0.118304209860763 0.283531224403088 -0.280502555632389 -0.67971565598915 1.37014442518339 -1.12536088145403
0.6925 -1.65723669294383 -0.106517161062659 -0.179917705061679 -1.5317670248004 -0.10771192254019 0.217601617341373 -0.277821656601807 -0.639955530751177 1.40828199108898 -1.20026843977052
0.695 -1.65747384263944 -0.113563736869792 -0.155166763608611 -1.5293505479622 -0.0971079846712587 0.150800850375583 -0.275476318280693 -0.598759458218897 1.44190172756355 -1.27000256414319
0.6975 -1.65744326640682 -0.120860803244955 -0.130291012946463 -1.52567038503021 -0.0865012006017586 0.08321680497664 -0.273543563815396 -0.556257122018405 1.47087617992427 -1.33422202931191
0.7 -1.65714787201803 -0.128400827234086 -0.105300753308672 -1.52074061336003 -0.0759005862039482 0.0149407907601598 -0.272093503468461 -0.512581221297951 1.49509374621816 -1.39261059061016
0.7025 -1.65659019663307 -0.136176905964419 -0.0802061609854972 -1.51457592248512 -0.0653153490096609 -0.0539324782013371 -0.271188696591192 -0.467867168273674 1.51445919682171 -1.44487863366873
0.705 -1.65577237242336 -0.144182828696345 -0.0550172593360152 -1.50719154743237 -0.0547548676176436 -0.123304922179519 -0.270883560281985 -0.422252778061085 1.52889413420865 -1.49076470188324
0.7075 -1.65469609548499 -0.152413133145505 -0.0297438917624177 -1.49860320451529 -0.0442286704416385 -0.193075150460243 -0.271223829167445 -0.37587795099978 1.53833739024968 -1.5300368931946
0.71 -1.65336259829976 -0.160863155609976 -0.00439569683633994 -1.4888270299629 -0.0337464138686266 -0.263138532568874 -0.272246070470573 -0.328884347642664 1.54274535882469 -1.56249411855552
0.7125 -1.65177262598229 -0.169529074472003 0.0210179142459417 -1.47787952172245 -0.0233178598975898 -0.333387286651644 -0.273977258225219 -0.281415056683451 1.54209226170292 -1.58796721479332
0.715 -1.64992641653019 -0.178407946681498 0.0464877777167692 -1.46577748475269 -0.0129528533315052 -0.403710585529908 -0.276434410184357 -0.233614256085206 1.53637034588917 -1.60631990564456
0.7175 -1.64782368527139 -0.187497736869777 0.0720049946517145 -1.4525379801005 -0.00266129859335388 -0.473994680846221 -0.279624290598401 -0.18562686774839 1.52559001104915 -1.6174496051839
0.72 -1.64546361367812 -0.196797338785605 0.0975609456149356 -1.4381782780275 0.00754686376043903 -0.544123045626535 -0.283543181669948 -0.137598206096744 1.50977986580485 -1.62128805884196
0.7225 -1.64284484269066 -0.206306588792192 0.123147302422446 -1.42271581542622 0.0176616807552826 -0.613976535472959 -0.288176726087901 -0.0896736210115891 1.4889867120572 -1.61780181795021
0.725 -1.63996547066736 -0.216026271212507 0.148756036928936 -1.40616815773565 0.027673210870915 -0.683433568498734 -0.293499842611342 -0.0419981355890373 1.46327545683236 -1.60699254451011
0.7275 -1.63682305604832 -0.225958115360714 0.174379426763276 -1.38855296553554 0.0375715479953352 -0.752370324001471 -0.299476716250914 0.00528392071183152 1.4327289514229 -1.58889714395826
0.73 -1.63341462479162 -0.236104784150073 0.200010057957783 -1.36988796596719 0.0473468453895269 -0.820660959756991 -0.306060864117417 0.0520292829387426 1.39744775799136 -1.56358772439719
0.7325 -1.62973668261049 -0.246469854220859 0.225640824437008 -1.35019092909511 0.0569893395882 -0.888177847700529 -0.313195277566913 0.0980961248760156 1.35754984404579 -1.5311713816374
0.735 -1.62578523200978 -0.257057787586435 0.251264924352655 -1.32947964929062 0.0664893741651054 -0.954791827642129 -0.320812640773658 0.143344435866616 1.31317020563704 -1.4917898105949
0.7375 -1.62155579408941 -0.267873894850389 0.276875853272547 -1.30777193168424 0.0758374232916704 -1.02037247854725 -0.328835625397706 0.187636399487687 1.26446042041022 -1.44561874404269
0.74 -1.61704343505159 -0.278924290102606 0.302467394252707 -1.2850855836992 0.0850241150169218 -1.08478840679384 -0.337177260533399 0.230836773169755 1.21158813190258 -1.39286722089585
0.7425 -1.61224279731828 -0.290215837656922 0.328033604842972 -1.2614384116435 0.0940402542009012 -1.14790755070167 -0.345741376636512 0.27281326788344 1.15473646697898 -1.33377668727979
0.745 -1.60714813513515 -0.301756090846972 0.353568801097359 -1.23684822230433 0.102876845031754 -1.20959750051503 -0.354423121665369 0.313436926905997 1.09410338843023 -1.26861993389489
0.7475 -1.60175335450875 -0.313553223149908 0.379067538681201 -1.21133282945369 0.111525113060487 -1.26972583290861 -0.363109547202415 0.352582502634855 1.02990098520253 -1.19769987477055
0.75 -1.5960520572948 -0.325615951959098 0.404524591186973 -1.18491006514144 0.119976526687492 -1.32816045897982 -0.371680261871672 0.390128830369251 0.962354702918789 -1.12134817277691
0.7525 -1.59003758922796 -0.337953455376872 0.429934925790315 -1.15759779561907 0.128222818038604 -1.38476998458445 -0.380008148928484 0.42595919794143 0.891702517766259 -1.03992371839572
0.755 -1.58370309165662 -0.350575282445937 0.455293676396257 -1.1294139417065 0.136256003167735 -1.43942408177893 -0.387960144482055 0.459961710009964 0.818194056945094 -0.953810968749461
0.7575 -1.57704155672136 -0.363491257283274 0.48059611444344 -1.10037650338318 0.144068401528592 -1.49199387003727 -0.395398072413502 0.492029645809264 0.742089669261317 -0.863418155007766
0.76 -1.57004588569193 -0.37671137762288 0.505837617550721 -1.07050358835745 0.151652654657619 -1.54235230582701 -0.402179531672512 0.522061809125711 0.663659449619846 -0.769175366342986
0.7625 -1.56270895015574 -0.390245708313068 0.531013636206095 -1.0398134443398 0.159001744014565 -1.59037457904918 -0.408158831295834 0.549962869219895 0.583182221400724 -0.671532520000506
0.765 -1.55502365573081 -0.404104270350159 0.556119658712065 -1.00832449472126 0.166109007928932 -1.63593851477871 -0.413187968165434 0.575643691404631 0.500944480899536 -0.570957226934817
0.7675 -1.54698300795785 -0.418296926063113 0.581151174614518 -0.976055377334817 0.172968157604329 -1.67892497867625 -0.417117642235875 0.599021656011581 0.417239308250753 -0.467932563447821
0.77 -1.53858018001039 -0.432833261092431 0.606103636853606 -0.943024985956379 0.179573292134266 -1.71921828439293 -0.419798303704198 0.620020964401793 0.332365249279143 -0.362954759529198
0.7725 -1.52980858184764 -0.447722463831871 0.63097242288515 -0.909252514183315 0.185918912488669 -1.75670660124052 -0.421081226369994 0.638572930757086 0.246625173067923 -0.256530815064251
0.775 -1.52066193042337 -0.462973203022424 0.655752795029506 -0.874757501311792 0.191999934430267 -1.79128236036606 -0.42081960124621 0.654616258343891 0.160325109861477 -0.149176055407659
0.7775 -1.51113432055458 -0.478593504205147 0.68043986031168 -0.839559879819881 0.197811700327611 -1.82284265764537 -0.418869644321856 0.668097298996768 0.0737730743608345 -0.0414116380234371
0.78 -1.50122029604675 -0.494590625752019 0.705028530061816 -0.803680024052025 0.203349989830514 -1.85128965148788 -0.41509171226711 0.678970294564498 -0.0127221208257696 0.0662379775133052
0.7825 -1.49091492066766 -0.510970935202932 0.729513479548715 -0.767138799690821 0.208611029382346 -1.87653095374546 -0.409351419779756 0.687197599122272 -0.0988520564906546 0.173247584445459
0.785 -1.48021384855947 -0.52773978664106 0.753889107921191 -0.729957613595607 0.213591500541671 -1.89848001191399 -0.401520752237358 0.69274988077079 -0.18430989793656 0.279093795949172
0.7875 -1.46911339367851 -0.54490139983937 0.778149498732355 -0.692158463582859 0.21828854709602 -1.91705648083036 -0.391479167296343 0.695606301924115 -0.268791580880967 0.383257612403245
0.79 -1.45761059785472 -0.562458741907121 0.802288381320881 -0.653763987721944 0.222699780948354 -1.93218658209135 -0.379114679115296 0.695754677004466 -0.351996987220182 0.485226976583865
0.7925 -1.44570329706676 -0.580413412157402 0.826299093320461 -0.614797512720223 0.22682328676484 -1.94380344944707 -0.364324918934641 0.693191606550153 -0.433631105699357 0.584499304381276
0.795 -1.43339018553565 -0.598765530905033 0.850174544564521 -0.575283100974684 0.230657625374991 -1.95184745846432 -0.347018165839717 0.687922586816368 -0.513405172710204 0.680583979118035
0.7975 -1.42067087724851 -0.617513632888732 0.873907182647482 -0.535245595872817 0.234201835919045 -1.95626653879961 -0.327114341658348 0.679962093992564 -0.591037788392482 0.773004797726808
0.8 -1.40754596453446 -0.63665456599229 0.89748896039684 -0.494710664932906 0.23745543674212 -1.957016467481 -0.304545964104582 0.669333642275755 -0.666256003487967 0.861302357072007
0.8025 -1.39401707332757 -0.65618339591697 0.920911305501805 -0.453704840384245 0.240418425037603 -1.95406114165979 -0.279259052466389 0.656069815093891 -0.738796372415217 0.945036369151285
0.805 -1.38008691476607 -0.676093317431654 0.94416509253464 -0.412255556799189 0.243091275247488 -1.94737282936414 -0.251213980346283 0.640212268886412 -0.808405968233003 1.02378789441479
0.8075 -1.36575933279318 -0.696375572798274 0.967240617589867 -0.370391185403586 0.245474936229885 -1.93693239686484 -0.220386270211307 0.621811708921618 -0.8748433553154 1.0971614824838
0.81 -1.35103934744253 -0.717019377938516 0.990127575754558 -0.328141064707171 0.247570827208461 -1.92272951134956 -0.186767324770081 0.600927836732772 -0.937879515810413 1.16478721051497
0.8125 -1.33593319351034 -0.738011856873422 1.01281504160992 -0.285535527113964 0.249380832522181 -1.90476281769045 -0.150365090484902 0.577629268866331 -0.99729872602609 1.226322609365
0.815 -1.32044835433716 -0.759337984930689 1.03529145295035 -0.242605921191263 0.250907295196773 -1.88304008818598 -0.111204648837222 0.551993426707543 -1.05289937927785 1.28145446867623
0.8175 -1.3045935904433 -0.780980541175734 1.05754459789144 -0.199384629296896 0.25215300936367 -1.85757834426115 -0.0693287312893782 0.524106397282661 -1.10449475178836 1.32990051245651
0.82 -1.2883789627853 -0.802920070481497 1.07956160552264 -0.15590508028635 0.253121211555006 -1.82840394921167 -0.0247981542371799 0.494062765018076 -1.15191370863353 1.3714109372036
0.8225 -1.2718158504242 -0.825134855609352 1.1013289402443 -0.112201757045219 0.253815570905637 -1.79555267119195 0.0223078293971689 0.461965414537314 -1.19500134687833 1.405769805342
0.825 -1.25491696242122 -0.847600899629385 1.12283239991153 -0.0683101986162916 0.254240178298502 -1.75906971575352 0.0718912649070104 0.427925304717592 -1.23361957330076 1.43279628741714
0.8275 -1.23769634380168 -0.870291918962555 1.14405711789029 -0.0242669967168333 0.254399534489995 -1.71900972736177 0.123835319466047 0.392061214268877 -1.26764761448837 1.45234574714384
0.83 -1.220169375454 -0.8931793472807 1.16498756911309 0.0198902135320767 0.254298537255992 -1.67543675943334 0.178004196907532 0.354499459262866 -1.29698245724878 1.46431066392988
0.8325 -1.20235276785714 -0.916232350452579 1.18560758020328 0.0641227688151827 0.253942467602056 -1.62842421255802 0.234243145411032 0.315373583102675 -1.32153921760943 1.4686213885232
0.835 -1.1842645485568 -0.939417852675863 1.2059003437188 0.108390998894388 0.253336975083158 -1.57805474069075 0.292378559473712 0.274824019541811 -1.34125143695719 1.46524672794888
0.8375 -1.16592404333785 -0.962700573885667 1.22584843654695 0.152654254035813 0.252488062280065 -1.52442012522173 0.352218177126722 0.232997729445737 -1.35607130424551 1.45419435640869
0.84 -1.14735185106803 -0.986043078481052 1.24543384246312 0.196870938657946 0.251402068482765 -1.46762111695695 0.413551372942967 0.190047812105238 -1.36596980333387 1.43551105020573
0.8425 -1.12856981221571 -1.00940583536091 1.26463797884726 0.240998551236139 0.250085652631998 -1.40776724616401 0.476149546953159 0.146133091997248 -1.3709367849508 1.40928274475418
0.845 -1.10960097107198 -1.03274728921077 1.2834417275326 0.284993730469374 0.248545775573135 -1.34497660096536 0.539766609165685 0.101417681969946 -1.37098096305395 1.37563441302138
0.8475 -1.09046953173528 -1.05602394293219 1.30182546974209 0.328812307684627 0.246789681674821 -1.27937557448025 0.604139558959899 0.0560705239303728 -1.36612983561438 1.33472976518547
0.85 -1.07120080794433 -1.07919045105658 1.3197691250487 0.372409365424758 0.244824879871691 -1.21109858124347 0.668989158200345 0.0102649082265307 -1.35642953017641 1.28677077023153
0.8525 -1.05182116687276 -1.10219972393552 1.3372521942771 0.415739302134543 0.24265912418515 -1.14028774354993 0.734020696491581 -0.0358220270685169 -1.3419445748609 1.23199700095475
0.855 -1.03235796702589 -1.12500304245081 1.35425380624459 0.458755902830327 0.240300393782272 -1.06709254849343 0.798924846581251 -0.0820098155936586 -1.32275759575196 1.17068480431189
0.8575 -1.01283949040745 -1.14755018293842 1.37075276822128 0.501412415607868 0.237756872631415 -0.991669476588816 0.863378607494543 -0.128115199466133 -1.29896894188327 1.10314630019619
0.86 -0.993294869150439 -1.16978955197259 1.38672761997027 0.543661633813465 0.235036928813006 -0.914181602984758 0.92704633257588 -0.17395268188276 -1.27069623938364 1.02972821225559
0.8625 -0.973754006832965 -1.1916683306089 1.40215669121075 0.585455983673591 0.23214909354667 -0.834798172384972 0.989580839207391 -0.21933509398577 -1.238073876597 0.950810534862616
0.865 -0.954247494725209 -1.21313262763859 1.41701816232897 0.626747617149309 0.229102039994785 -0.753694148914364 1.05062459657685 -0.264074174357039 -1.20125242218808 0.866805041670297
0.8675 -0.934806523239445 -1.23412764136094 1.43129012814426 0.667488509752507 0.225904561901502 -0.671049742270297 1.10981098746815 -0.307981159424672 -1.16039797869656 0.778153641101585
0.87 -0.915462788879379 -1.25459782933593 1.44495066452047 0.707630563033057 0.222565552129624 -0.587049911610258 1.16676563967304 -0.350867383044611 -1.11569147411444 0.685326585482667
0.8725 -0.896248397009116 -1.27448708553651 1.45797789759632 0.747125711418386 0.219093981154362 -0.50188384872617 1.2211078222495 -0.392544883371028 -1.06732789433 0.588820540840714
0.875 -0.877195760785243 -1.29373892427773 1.47035007539214 0.785926033059841 0.21549887557323 -0.4157444421577 1.2724519014827 -0.432827015181969 -1.01551545965351 0.489156524993672
0.8775 -0.858337496617793 -1.31229667026004 1.48204564153499 0.823983864314574 0.211789296694124 -0.328827723989105 1.32040885107012 -0.471529065671566 -0.960474748703801 0.386877722469297
0.88 -0.839706316547213 -1.33010365402567 1.49304331082923 0.861251917466372 0.207974319256978 -0.241332301165933 1.36458781070405 -0.508468871744271 -0.902437773312855 0.282547185114171
0.8825 -0.821334917944702 -1.34710341209015 1.50332214638574 0.897683401265151 0.204063010350698 -0.153458773252231 1.40459768691604 -0.54346743675161 -0.841647008216369 0.176745427896072
0.885 -0.80325587096246 -1.36323989097717 1.51286163800936 0.933232143841977 0.200064408580556 -0.0654091386269173 1.44004878974485 -0.576349544602868 -0.778354379566773 0.0700679301135872
0.8875 -0.785501504178082 -1.37845765435238 1.52164178153217 0.967852717535417 0.195987503543311 0.0226138088050729 1.47055449850401 -0.606944369127012 -0.712820216472253 -0.0368774476181018
0.89 -0.768103788893886 -1.39270209242267 1.52964315876853 1.00150056514479 0.191841215665856 0.110407090248198 1.49573294967174 -0.635086076538784 -0.645312169920483 -0.143473119250073
0.8925 -0.751094222566776 -1.40591963274025 1.53684701775763 1.03413212710807 0.187634376461257 0.197768157797193 1.51520873968214 -0.660614418840639 -0.576104103649904 -0.249094490884653
0.895 -0.734503711857551 -1.4180579515275 1.54323535295012 1.06570496908566 0.183375709255186 0.284495513107867 1.52861463518686 -0.683375315964176 -0.505474961644088 -0.353112727864818
0.8975 -0.718362455799959 -1.42906618461758 1.54879098498749 1.09617790941672 0.179073810434342 0.370389326663018 1.53559328317452 -0.703221424462867 -0.433707617067772 -0.454897559383017
0.9 -0.702699829599523 -1.43889513708881 1.55349763971631 1.12551114590229 0.174737131267578 0.455252055294663 1.53579891317197 -0.72001269052355 -0.361087707535302 -0.553820107746712
0.9025 -0.68754426957954 -1.44749749065741 1.55734002607431 1.15366638135971 0.170373960346796 0.538889055601166 1.52889902363309 -0.733616885133044 -0.287902461761122 -0.649255729884353
0.905 -0.67292315979717 -1.45482800788355 1.56030391248167 1.18060694738439 0.165992406695607 0.621109190878229 1.51457604452652 -0.743910119167906 -0.21443952262939 -0.740586857672123
0.9075 -0.658862720855519 -1.46084373224014 1.56237620136907 1.20629792575025 0.161600383589158 0.701725429171957 1.49252896807625 -0.750777336279383 -0.14098577184717 -0.827205824217158
0.91 -0.645387901438431 -1.46550418309281 1.5635450014734 1.23070626687728 0.157205593129083 0.780555430066318 1.46247493959421 -0.754112781395627 -0.0678261612644835 -0.908517662740455
0.9125 -0.63252227309276 -1.46877154464297 1.56379969753414 1.25380090479474 0.152815511612734 0.857422117826817 1.42415080035577 -0.753820442775295 0.00475744389265908 -0.983942864794317
0.915 -0.620287928778534 -1.47061084789392 1.56313101702609 1.27555286803209 0.148437375736013 0.932154238548369 1.37731457454248 -0.749814465545972 0.0764874048597038 -1.05292008450978
0.9175 -0.608705385700235 -1.47099014471303 1.56153109357004 1.29593538587467 0.144078169664411 1.00458689898503 1.32174689236273 -0.742019534737086 0.147091427060614 -1.11490877596017
0.92 -0.597793492922496 -1.46988067308136 1.55899352666983 1.31492398943182 0.13974461300688 1.07456208478953 1.25725234162334 -0.730371225918801 0.216303650799971 -1.16939175038021
0.9225 -0.58756934426069 -1.46725701264479 1.5555134374337 1.33249660697565 0.135443149721471 1.14192915594507 1.18366074020242 -0.714816321566949 0.283865709946312 -1.21587764079491
0.925 -0.578048196921253 -1.46309722970985 1.55108751994918 1.34863365302565 0.131179937981084 1.2065453172423 1.10082832211956 -0.695313091475728 0.349527753795622 -1.25390326151379
0.9275 -0.569243396347926 -1.45738301086061 1.54571408799419 1.36331811067214 0.126960841025133 1.26827606173589 1.00863883017563 -0.671831535540158 0.41304942763877 -1.28303585039905
0.93 -0.561166307708551 -1.45009978441216 1.53939311678241 1.37653560665364 0.122791419015674 1.32699558520573 0.907004508458832 -0.644353587416614 0.474200807241592 -1.30287518266833
0.9325 -0.55382625443272 -1.44123682896083 1.53212627945869 1.3882744787286 0.118676921920805 1.38258716975896 0.795866988403576 -0.612873277682144 0.532763283365829 -1.31305554458783
0.935 -0.547230464183055 -1.43078736833994 1.52391697807987 1.39852583491027 0.114622283435969 1.43494353481547 0.675198062476569 -0.577396855238303 0.588530391921892 -1.31324755734565
0.9375 -0.541384022612985 -1.41874865234516 1.51477036883774 1.40728360416453 0.110632115957905 1.48396715385914 0.54500034006214 -0.537942865891786 0.641308586173575 -1.30315984067533
0.94 -0.536289835230908 -1.40512202265247 1.50469338130481 1.41454457820563 0.10671070661836 1.52957053546509 0.405307780595554 -0.494542187149439 0.690917947414134 -1.28254050748895
0.9425 -0.531948597655223 -1.38991296341574 1.49369473150848 1.42030844406149 0.102862014381823 1.57167646726929 0.256186099553522 -0.447238018533867 0.737192830792953 -1.25117848123931
0.945 -0.528358774506865 -1.37313113609976 1.4817849286667 1.42457780712087 0.0990896682078371 1.61021822170337 0.097733043493751 -0.396085826782588 0.779982443511837 -1.20890462852964
0.9475 -0.525516587145764 -1.35479039817681 1.4689762754466 1.427358204417 0.0953969662762666 1.64513972248403 -0.0699214690487786 -0.341153245617202 0.819151352651761 -1.15559270040202
0.95 -0.52341601041536 -1.33490880539124 1.4552828616382 1.42865810794757 0.0917868762673105 1.67639567102646 -0.24661534334043 -0.282519929855191 0.854579920542992 -1.09116007690936
0.9525 -0.522048778515249 -1.31350859737664 1.44072055116627 1.42848891787779 0.0882620366857508 1.70395163213106 -0.432154442757109 -0.220277363927067 0.886164665650027 -1.01556831035336
0.955 -0.521404400076192 -1.2906161664922 1.42530696239683 1.42686494552263 0.084824759215822 1.72778407848503 -0.626312862761527 -0.154528625028123 0.913818547625465 -0.928823463598603
0.9575 -0.521470182464629 -1.26626200983063 1.40906144172787 1.42380338605461 0.0814770320866703 1.74788039371676 -0.828833344964753 -0.0853881013749066 0.93747117533936 -0.830976241267584
0.96 -0.522231265295667 -1.24048066443664 1.39200503048851 1.41932428093549 0.078220524427879 1.76423883393892 -1.03942783093025 -0.0129811662212749 0.957068937252684 -0.722121912345507
0.9625 -0.523670663084491 -1.21331062586343 1.37416042520589 1.41345047012298 0.0750565915870365 1.77686844791951 -1.25777815463051 0.0625561914155124 0.972575053812552 -0.602400024111408
0.965 -0.52576931691678 -1.18479425028435 1.35555193133426 1.40620753415704 0.0719862813806439 1.78578895622845 -1.48353687168202 0.14107777824535 0.98396955204737 -0.471993908322616
0.9675 -0.528506154969154 -1.15497764046559 1.33620541057603 1.39762372628373 0.0690103412438628 1.7910305899054 -1.71632822273512 0.222427649015817 0.991249162863343 -0.331129981914124
0.97 -0.531858161661416 -1.12391051599566 1.31614822196004 1.38772989482855 0.0661292262423691 1.79263388940816 -1.95574922760648 0.306440598102257 0.994427142076854 -0.180076845451689
0.9725 -0.535800455173581 -1.09164606825478 1.2954091568767 1.37655939608362 0.0633431079053997 1.79064946479395 -2.20137090600373 0.392942688581208 0.993533016496551 -0.0191441836094663
0.975 -0.540306373012997 -1.05824080069392 1.27401836830417 1.36414799802567 0.0606518838351039 1.78513771829303 -2.45273961993564 0.481751816792125 0.988612256897202 0.151318526347645
0.9775 -0.545347565270313 -1.0237543550773 1.25200729449256 1.35053377523238 0.0580551880463526 1.77616853062007 -2.70937853218424 0.572678310193306 0.979725880034979 0.330923491857118
0.98 -0.550894095158283 -0.98824932442296 1.22940857740547 1.33575699541397 0.0555524019854345 1.76382091256309 -2.97078917451603 0.665525556124796 0.96694998231449 0.519246260088294
0.9825 -0.556914546384564 -0.951791053453683 1.20625597624856 1.31985999802391 0.0531426661756161 1.74818262356219 -3.2364531186464 0.760090658890748 0.950375208012252 0.715827542036046
0.985 -0.56337613686917 -0.914447427443628 1.1825842764438 1.30288706545765 0.050824892433296 1.72934975916706 -3.50583374233603 0.856165122433134 0.930106155349608 0.920175195966512
0.9875 -0.570244838279489 -0.876288650414612 1.15842919443521 1.28488428739029 0.0485977765978645 1.70742630941745 -3.77837808241496 0.953535555694357 0.906260724087646 1.13176635949746
0.99 -0.577485500820848 -0.837387013699006 1.13382727873647 1.26589941884283 0.0464598117149922 1.68252369034199 -4.05351876599061 1.05198439761625 0.878969408524592 1.3500497188462
0.9925 -0.585061982689156 -0.797816655943497 1.10881580765383 1.24598173260262 0.0444093016118822 1.65476025090558 -4.33067601059788 1.15129065862157 0.848374540140305 1.57444790287508
0.995 -0.592937283563992 -0.757653315678901 1.08343268413723 1.22518186665532 0.0424443748026171 1.62426075785728 -4.60925968362402 1.25123067529211 0.814629484388299 1.80435998910979
0.9975 -0.601073681496328 -0.716974077625283 1.05771632823043 1.20355166731375 0.0405629986588263 1.59115586103861 -4.88867141095957 1.35157887489087 0.777897796284716 2.03916410781814
1 -0.609432872524705 -0.675857113938723 1.0317055676052 1.18114402875291 0.0387629937817809 1.55558154180383 -5.16830672451432 1.45210854627609 0.738352339755375 2.27822013024852
