"x" "basis_1" "basis_2" "basis_3" "basis_4" "basis_5" "basis_6" "basis_7" "basis_8" "basis_9" "basis_10"
0 -0.981357394303664 0.492245681697777 1.46100984629626 -0.887222449618009 -0.107150513137005 -0.171120969602858 -2.55040552564974 -4.95545169565795 -2.97388017147009 1.33838775147245
0.0025 -1.00216430403454 0.508568851141599 1.53505045185296 -0.912283776742069 -0.155420226837037 -0.106396017973292 -2.46095250217143 -4.61519786141118 -2.85177740347487 1.15118849426213
0.005 -1.02265740126474 0.524284475854147 1.60786015287078 -0.936273383316744 -0.202270914104897 -0.0430157762750918 -2.3694237625402 -4.2749528610072 -2.72682609598533 0.967030522563786
0.0075 -1.04279951829808 0.53932740568547 1.67921644675839 -0.959089055487239 -0.247483350540901 0.0187496764333348 -2.2760360652149 -3.93585345125139 -2.59929913966758 0.786721593658646
0.01 -1.0625539470941 0.553633514593254 1.74889995665309 -0.980630646785405 -0.29084236872286 0.0786350418488591 -2.18100977242289 -3.59902837641026 -2.46947733310547 0.611050877806155
0.0125 -1.08188458495821 0.5671400109216 1.81669555616874 -1.00080058622443 -0.332138074483357 0.136381336877869 -2.08456784544263 -3.26559220775065 -2.33764838547799 0.4407837593457
0.015 -1.1007560782907 0.579785743219325 1.88239347830329 -1.01950437798968 -0.371167043967948 0.191737403702972 -1.98693483688244 -2.93663925334318 -2.20410589361667 0.276656758918828
0.0175 -1.11913396345269 0.591511499438338 1.94579040046424 -1.03665108917362 -0.407733492586196 0.244461384087335 -1.88833588720707 -2.61323758395228 -2.06914829928541 0.119372619097291
0.02 -1.13698480382413 0.602260297394872 2.00669049772518 -1.05215382207358 -0.441650407144266 0.294322146767971 -1.78899573267464 -2.29642321999699 -1.93307783257559 -0.0304044050062802
0.0225 -1.15427632215535 0.611977664437803 2.06490645665591 -1.06593016767674 -0.472740632708825 0.341100657126445 -1.68913773169341 -1.98719452329309 -1.79619944732853 -0.172053010255049
0.025 -1.17097752734756 0.620611904349359 2.12026044237063 -1.07790263709349 -0.50083790609357 0.384591278764337 -1.58898291639614 -1.68650683559707 -1.65881975440691 -0.30499902709999
0.0275 -1.1870588348399 0.628114349602951 2.17258501181098 -1.08799906786714 -0.525787828278809 0.424602997149807 -1.48874907594536 -1.3952674038788 -1.52124595859977 -0.428719282877645
0.03 -1.20249217982987 0.634439597219814 2.2217239667174 -1.09615300228456 -0.547448768566223 0.460960556134405 -1.38864987773841 -1.11433062976729 -1.38378480474928 -0.542745113436991
0.0325 -1.21725112261036 0.639545726599341 2.2675331402412 -1.1023040350339 -0.565692693830614 0.493505498858873 -1.28889403228541 -0.84449367778568 -1.24674153853794 -0.646665493495716
0.035 -1.23131094536892 0.64339449784579 2.30988111170298 -1.10639812780302 -0.580405916851089 0.522097105365181 -1.18968450707765 -0.586492473836465 -1.11041888711811 -0.740129758925669
0.0375 -1.24464873986318 0.645951529275197 2.34864984460651 -1.10838788867959 -0.591489758380089 0.546613220100916 -1.09121779426608 -0.340998121957953 -0.975116064525101 -0.822849897944133
0.04 -1.25724348545914 0.647186452958683 2.38373524366265 -1.10823281450142 -0.598861118331353 0.56695096343185 -0.993683236430406 -0.108613763683454 -0.841127806487892 -0.894602392058701
0.0425 -1.26907611709617 0.647073047340308 2.41504762725994 -1.10589949460726 -0.60245295223067 0.583027322258947 -0.897262414144165 0.110128099563799 -0.708743438942718 -0.955229591503652
0.045 -1.28012958282324 0.645589346157263 2.44251211252836 -1.10136177475351 -0.602214649866636 0.594779615856021 -0.802128598438643 0.314767804664515 -0.578245984175951 -1.00464061405981
0.0475 -1.290388890633 0.642717723085127 2.46606891087339 -1.09460088028566 -0.598112313895391 0.60216583409405 -0.708446270643896 0.50492023339947 -0.449911308153991 -1.04281176051452
0.05 -1.29984114440544 0.638444951729491 2.48567353260122 -1.08560549798266 -0.590128936983065 0.605164846284567 -0.616370711449158 0.680276019510814 -0.324007312199465 -1.06978644410146
0.0525 -1.30847556885721 0.632762240785216 2.5012969000047 -1.07437181632376 -0.578264476905656 0.603776479948544 -0.526047660377984 0.840602252584141 -0.200793171753317 -1.08567463576218
0.055 -1.31628352347806 0.625665244383685 2.51292536902543 -1.06090352425744 -0.562535829857506 0.598021469885396 -0.437613046228227 0.985742679371375 -0.0805186245523301 -1.09065183112794
0.0575 -1.32325850551911 0.617154047844954 2.52056066034276 -1.04521176887745 -0.542976703039643 0.587941278969698 -0.351192788391808 1.11561740738641 0.0365766898735029 -1.08495754946572
0.06 -1.32939614218023 0.607233129243424 2.52421970145829 -1.0273150727286 -0.519637388398381 0.573597793129321 -0.26690266834124 1.23022211970857 0.150263837904839 -1.06889337867964
0.0625 -1.33469417222246 0.595911297380859 2.52393438203691 -1.00723921177127 -0.492584440155867 0.555072893948724 -0.184848269967188 1.32962681388884 0.260325145671047 -1.04282058452012
0.065 -1.33915241730786 0.583201606937254 2.51975122542638 -0.985017055326581 -0.461900259509351 0.532467913283609 -0.105124986874991 1.41397408162699 0.36655469836049 -1.00715730559521
0.0675 -1.34277274344047 0.569121251736951 2.51173097990055 -0.960688369599565 -0.427682590568586 0.505902975162087 -0.0278180941983842 1.48347694944387 0.468758784735685 -0.962375359341295
0.07 -1.34555901294957 0.553691437222545 2.49994813375099 -0.934299586635036 -0.390043932244507 0.475516231071418 0.0469971180156721 1.53841630387362 0.566756286965198 -0.908996687231534
0.0725 -1.347517027518 0.536937233371455 2.48449035888269 -0.90590354079587 -0.349110871391149 0.441462995484691 0.119255153270383 1.5791379277205 0.660379016233287 -0.847589470151631
0.075 -1.34865446281417 0.51888740941845 2.46545788804757 -0.87555917506592 -0.305023343032416 0.403914789158105 0.188900062765423 1.60604917663455 0.749471994925167 -0.778763947620984
0.0775 -1.34898079533657 0.499574251860651 2.44296283127103 -0.843331219666917 -0.257933823971412 0.363058298326135 0.255885149437931 1.61961532764218 0.833893686475818 -0.703167976488609
0.08 -1.3485072221224 0.479033367319017 2.4171284373886 -0.809289845639813 -0.208006466478896 0.319094258430454 0.32017262642963 1.62035563331069 0.913516174284569 -0.621482366528026
0.0825 -1.34724657400875 0.45730347191142 2.38808830690983 -0.773510296175091 -0.155416179087614 0.272236271438728 0.381733234777557 1.60883911689212 0.988225291301995 -0.534416031883179
0.085 -1.34521322316397 0.434426168856686 2.35598556266309 -0.736072498582461 -0.100347661777897 0.222709566137634 0.440545825338565 1.58568014511298 1.05792070213872 -0.442700998169594
0.0875 -1.34242298562934 0.410445716076189 2.32097198484792 -0.697060659868434 -0.0429944030273797 0.170749711020998 0.496596910113217 1.55153381620779 1.12251593973004 -0.347087305692165
0.09 -1.33889301962658 0.385408785589863 2.28320711723001 -0.656562848939781 0.0164423536871308 0.116601289537017 0.549880188234222 1.50709120136892 1.1819383987323 -0.248337849596706
0.0925 -1.3346417203948 0.359364216516879 2.24285735125924 -0.614670568472845 0.077754666302684 0.0605165475115069 0.600396051930527 1.45307447798258 1.23612928796563 -0.14722319746324
0.095 -1.32968861232198 0.332362763488117 2.20009499487456 -0.571478319483055 0.140728965890042 0.00275402252710942 0.648151077764193 1.39023199286482 1.28504354428058 -0.0445164244008486
0.0975 -1.32405423913081 0.304456842258499 2.15509733268284 -0.527083161596991 0.205147136164052 -0.0564228350849372 0.693157508381235 1.31933329321204 1.32864971032133 0.059011995088349
0.1 -1.31776005286686 0.275700274272979 2.10804568406472 -0.481584271972059 0.270787593424057 -0.116747040188815 0.735432729897546 1.24116416214074 1.36692977864696 0.162599200585479
0.1025 -1.31082830241942 0.246148031891132 2.05912446557231 -0.435082505727474 0.33742635978039 -0.177949440556559 0.774998749888954 1.15652169455193 1.39987900471207 0.265494828060645
0.105 -1.30328192228173 0.215855985913017 2.00852026374479 -0.387679960646515 0.40483812279593 -0.239760065536657 0.8118816807437 1.06620944761185 1.42750569115139 0.366965726429399
0.1075 -1.29514442222865 0.184880656974317 1.95642092418249 -0.339479548785727 0.472797274996486 -0.301909447289835 0.846111232896313 0.971032698442118 1.44983094577936 0.466300475798173
0.11 -1.28643977855625 0.153278972292772 1.90301466239241 -0.290584577483458 0.541078927076007 -0.364129906685991 0.877720222178058 0.87179383966385 1.46688841564032 0.562813677193262
0.1125 -1.27719232748998 0.121108029151889 1.84848920155337 -0.241098342100482 0.609459889035735 -0.426156796492135 0.906744095206809 0.769287941283767 1.4787239993502 0.655849986253203
0.115 -1.26742666132656 0.0884248664032956 1.79303094195138 -0.191123732650963 0.677719613946634 -0.487729695064585 0.933220476399003 0.664298505065559 1.48539553986085 0.744787865798051
0.1175 -1.2571675278299 0.0552862451569249 1.73682416641084 -0.140762856295486 0.745641099504341 -0.548593544379636 0.95718873982019 0.557593435033906 1.48697249966035 0.829043035434674
0.12 -1.2464397333541 0.0217484397102778 1.68005028560044 -0.0901166774710253 0.813011743050784 -0.608499726889995 0.978689608708964 0.449921245135858 1.48353562027033 0.908071599071753
0.1225 -1.23526805011702 -0.0121329603547436 1.62288712662828 -0.0392846772283425 0.879624146260177 -0.667207076370942 0.997764785112288 0.342007522371466 1.47517656777979 0.981372834425605
0.125 -1.223677127997 -0.0463032361047855 1.56550826786518 0.0116354668625778 0.945276866223488 -0.724482818612888 1.01445661166234 0.234551660923418 1.46199756597113 1.04849163179147
0.1275 -1.21169141117356 -0.0807087125428153 1.50808242245279 0.0625481790918881 1.00977511020892 -0.780103438518448 1.02880776711633 0.12822388001319 1.44411101847081 1.10902057233826
0.13 -1.19933505988054 -0.115296918704122 1.45077287246918 0.113360261340677 1.07293137192126 -0.833855470865839 1.04086099686673 0.0236625353854003 1.42163912116598 1.16260163953635
0.1325 -1.18663187748807 -0.150016734141388 1.39373695524379 0.163981145443403 1.1345660076239 -0.885536212697106 1.05065887922616 -0.0785282684531591 1.39471346600305 1.20892756028353
0.135 -1.17360524307827 -0.184818521505278 1.33712560284067 0.214323121671884 1.19450775101974 -0.934954355976655 1.05824362788731 -0.177780760865813 1.36347463709689 1.24774277543845
0.1375 -1.16027804962948 -0.219654245049462 1.2810829352684 0.264301543036128 1.25259416630552 -0.981930539832022 1.06365693057518 -0.273565280867681 1.32807179996355 1.27884404235434
0.14 -1.1466726478746 -0.254477575007249 1.2257459075298 0.313835005295376 1.3086720393144 -1.026297822333 1.06693982353551 -0.365391746903613 1.28866228451962 1.30208067484903
0.1425 -1.13281079585272 -0.289243977900187 1.17124401020005 0.362845502762851 1.3625977071392 -1.0679020723794 1.06813260115081 -0.452810823908081 1.24541116238028 1.31735442878887
0.145 -1.11871361412862 -0.323910792946076 1.11769902281977 0.411258560167816 1.41423732708053 -1.1066022828478 1.06727475964357 -0.535414793239234 1.19849081885206 1.32461904391225
0.1475 -1.10440154661271 -0.358437294834234 1.06522481901338 0.459003341007573 1.46346708618653 -1.14227080669041 1.06440497352063 -0.612838133221434 1.14808051991661 1.32387945493287
0.15 -1.08989432687538 -0.392784743228611 1.01392722189615 0.506012732978815 1.51017335304109 -1.17479351817906 1.05956110313084 -0.684757820008846 1.09436597440517 1.31519068705849
0.1525 -1.07521094981391 -0.426916419444281 0.963903908015724 0.552223411221269 1.55425277381327 -1.2040699019436 1.05278023145504 -0.750893360275478 1.03753889147107 1.29865645310078
0.155 -1.06036964849761 -0.460797650819057 0.91524435779008 0.59757588023636 1.59561231490025 -1.23001307286194 1.04409872802727 -0.811006568834741 0.977796533416297 1.27442747093672
0.1575 -1.0453878759883 -0.49439582336956 0.868029850152101 0.642014495458517 1.63416925477761 -1.25254973021956 1.03355233769075 -0.864901105694858 0.915341263870205 1.24269952179231
0.16 -1.03028229190785 -0.527680383379376 0.822333498894867 0.68548746555693 1.66985112791396 -1.27162004986481 1.02117629173288 -0.912421788250978 0.850380091273084 1.20371127085294
0.1625 -1.01506875350313 -0.560622828616214 0.77822032802979 0.727946836630486 1.7025956238104 -1.28717751834567 1.00700543881561 -0.95345369530367 0.783124207618301 1.15774187298644
0.165 -0.999762310940715 -0.59319668991485 0.735747383323071 0.769348459528215 1.73235044438975 -1.29918871322126 0.991074393017805 -0.987921080377699 0.7137885223796 1.10510838699018
0.1675 -0.984377206549895 -0.625377503893442 0.694963877064004 0.809651941581915 1.75907312308581 -1.30763303389891 0.973417696243145 -1.01578611238932 0.642591191577807 1.0461630224588
0.17 -0.968926877721706 -0.657142777592497 0.655911363040732 0.848820584077279 1.7827308090698 -1.31250238745521 0.954069992209008 -1.0370474620898 0.569753141953825 0.981290243703008
0.1725 -0.953423963164982 -0.688471945838751 0.618623938654346 0.886821306814465 1.80330002010111 -1.31380083395991 0.933066209229622 -1.0517387528902 0.495497590262496 0.910903755233067
0.175 -0.937880312216802 -0.719346322140709 0.583128471089217 0.923624561120255 1.82076636750327 -1.311544195835 0.910441749026921 -1.05992689467189 0.420049557741587 0.835443393325914
0.1775 -0.922306996904378 -0.749749043919014 0.549444844475116 0.959204232670991 1.83512425674602 -1.3057596357513 0.886232678856601 -1.06171031899555 0.343635379893704 0.755371947820711
0.18 -0.906714326458253 -0.779665012863686 0.517586225022403 0.993537535470548 1.84637656706234 -1.29648520749371 0.860475924307067 -1.05721713378104 0.266482211758806 0.671171937902003
0.1825 -0.891111863982267 -0.809080831192052 0.48755934118438 1.02660489830041 1.85453431344728 -1.2837693841166 0.833209460236394 -1.04660321501165 0.188817528980032 0.58334236487777
0.185 -0.875508444994001 -0.837984734556415 0.45936477599759 1.05838984492084 1.85961629427601 -1.26767056756631 0.804472497423782 -1.03005025238273 0.110868625012323 0.492395464277962
0.1875 -0.859912197560069 -0.866366522320019 0.432997268869867 1.08887886925457 1.861648727645 -1.24825658377125 0.774305662660514 -1.00776376502636 0.0328621049595851 0.398853478461486
0.19 -0.84433056376333 -0.894217485883923 0.408446024224328 1.11806130672748 1.86066487938387 -1.22560416699632 0.742751170156963 -0.979971102564115 -0.0449766234050369 0.303245469998081
0.1925 -0.828770322253742 -0.921530335707095 0.38569502456284 1.14592920287625 1.85670468551106 -1.19979843702938 0.709852982316042 -0.946919445750179 -0.122423860750103 0.206104194715544
0.195 -0.813237611650718 -0.94829912761776 0.364723345682264 1.17247718026237 1.84981437171522 -1.17093237251897 0.675656958108371 -0.908873819900269 -0.199258128654104 0.107963052095949
0.1975 -0.797737954582306 -0.974519188966616 0.345505471958064 1.19770230465458 1.84004607224052 -1.13910628351712 0.640210987475147 -0.866115133167593 -0.275260682536316 0.00935312926560711
0.2 -0.782276282164977 -1.00018704512271 0.328011609800209 1.22160395136183 1.82745745033989 -1.10442728600306 0.603565110388328 -0.818938250544357 -0.350216024060158 -0.0891996466996068
0.2025 -0.766856958746984 -1.02530034676108 0.312207997582949 1.2441836725141 1.81211132223928 -1.06700878087705 0.565771619402893 -0.767650113247361 -0.423912411906072 -0.187177234834139
0.205 -0.751483806757895 -1.04985779833866 0.298057210550452 1.26544506600276 1.7940752863306 -1.02696993962183 0.526885144742149 -0.712567911911677 -0.496142369720146 -0.284072073058616
0.2075 -0.736160131526666 -1.07385908810176 0.285518459401799 1.2853936467052 1.77342135908476 -0.984435198536501 0.486962721169272 -0.654017320771401 -0.566703189942442 -0.379389527521228
0.21 -0.72088874595038 -1.09730481991558 0.274547881459276 1.30403672053085 1.7502256189506 -0.939533763156585 0.446063836099038 -0.592330798782475 -0.635397432143261 -0.472650189918319
0.2125 -0.705671994915149 -1.1201964471543 0.265098823520709 1.32138326174097 1.72456785928479 -0.892399124189399 0.404250458612519 -0.527845962425772 -0.702033414399255 -0.563392015830834
0.215 -0.690511779389518 -1.14253620883955 0.25712211568769 1.33744379390979 1.69653125114267 -0.843168586017041 0.361587049226558 -0.460904033770581 -0.76642569619523 -0.651172298549395
0.2175 -0.675409580128748 -1.16432706816648 0.250566335645139 1.35223027481409 1.66620201655402 -0.791982808554873 0.318140550462801 -0.391848366247868 -0.828395551253324 -0.735569474397791
0.22 -0.660366480945471 -1.18557265351053 0.245378063041409 1.36575598546171 1.63366911271227 -0.738985363002562 0.273980358437491 -0.321023049524207 -0.887771428658536 -0.81618475699728
0.2225 -0.645383191518153 -1.20627720196438 0.241502123781049 1.37803542339559 1.59902392732281 -0.684322301791149 0.22917827585878 -0.248771593878324 -0.944389400612287 -0.892643599233272
0.225 -0.630460069723415 -1.22644550541497 0.238881824192417 1.3890842003439 1.56235998518734 -0.628141742814163 0.18380844697656 -0.17543569355866 -0.998093595104432 -0.964596983035458
0.2275 -0.615597143491526 -1.24608285913355 0.23745917516868 1.3989189442235 1.52377266594804 -0.570593467836455 0.137947275166585 -0.101354067778979 -1.04873661181148 -1.03172253822439
0.23 -0.600794132196025 -1.26519501281938 0.237175106502109 1.40755720544927 1.48335893277893 -0.511828534801285 0.091673323960836 -0.0268613772631209 -1.09617991949919 -1.09372549283882
0.2325 -0.58605046759846 -1.28378812400919 0.237969671737297 1.41501736745205 1.44121707169292 -0.451998903607121 0.0450672024441074 0.0477127863896076 -1.14029423324617 -1.15033945832923
0.235 -0.571365314377647 -1.30186871374025 0.239782243958431 1.4213185612657 1.39744644103247 -0.391257074799341 -0.00178856396504836 0.122044841794912 -1.18095986982 -1.20132705396754
0.2375 -0.556737590279394 -1.31944362433496 0.242551702998385 1.42648058400808 1.35214723063005 -0.329755740521464 -0.0488096762547389 0.195818093046364 -1.21806707959027 -1.24648037555023
0.24 -0.542165985927581 -1.33651997915959 0.246216614613488 1.43052382105271 1.30542023006127 -0.267647446993462 -0.0959102169216623 0.268723543212093 -1.25151635340648 -1.28562131425247
0.2425 -0.527648984340596 -1.35310514419862 0.250715402206957 1.43346917166632 1.2573666053697 -0.205084267732885 -0.143002816230276 0.34046065036529 -1.28121870294599 -1.31860173202394
0.245 -0.513184880198549 -1.36920669127949 0.255986511706649 1.43533797787302 1.2080876836164 -0.142217486706621 -0.189998828393235 0.410738030587611 -1.30709591311895 -1.34530350036086
0.2475 -0.498771798906473 -1.38483236278003 0.26196857020957 1.43615195629879 1.1576847445993 -0.0791972905965794 -0.236808516423113 0.47927411242998 -1.32908076520031 -1.36563840979528
0.25 -0.484407715496879 -1.39999003765263 0.268600538996698 1.43593313274876 1.10625881909738 -0.0161724693802941 -0.283341244405436 0.545797747262945 -1.34711722947678 -1.37954795750844
0.2525 -0.47009047341173 -1.41468769860444 0.275821861498547 1.43470377927502 1.05391049302008 0.0467098755331625 -0.329505675957503 0.610048779811241 -1.36116062630125 -1.3870030208014
0.255 -0.455817803199165 -1.42893340028213 0.283572606754991 1.43248635350422 1.00073971688319 0.109304616313138 -0.375209977665701 0.671778582947813 -1.37117775457746 -1.38800342414038
0.2575 -0.441587341154342 -1.44273523832205 0.291793608863584 1.42930344001065 0.94684562008767 0.17146887748743 -0.420362026335074 0.730750560524288 -1.37714698682629 -1.38257740748069
0.26 -0.427396647926636 -1.45610131914197 0.300426602850251 1.42517769354182 0.892326329544727 0.23306230902372 -0.464869618935686 0.786740621652619 -1.37905833013529 -1.37078100349223
0.2625 -0.413243227107354 -1.46903973036864 0.309414357326027 1.4201317839297 0.837278792268875 0.293947354137112 -0.508640684192953 0.839537629430567 -1.37691345242845 -1.3526973310575
0.265 -0.39912454380321 -1.48155851181548 0.318700804215077 1.41418834254993 0.78179860164799 0.353989512129251 -0.551583494839884 0.888943826626902 -1.37072567365565 -1.32843581224927
0.2675 -0.385038043191259 -1.49366562694704 0.328231165754204 1.40736991022385 0.725979827194217 0.413057596436778 -0.593606879626297 0.93477524033058 -1.36051992165575 -1.29813131958845
0.27 -0.370981169040931 -1.50536893478983 0.337952078873781 1.39969888649334 0.669914847679952 0.47102398793114 -0.634620434264228 0.976862067021425 -1.34633265260601 -1.2619432600764
0.2725 -0.356951382178554 -1.516676162274 0.347811716976639 1.39119748023446 0.613694187667328 0.527764883371996 -0.674534730577256 1.01504903895023 -1.32821173613494 -1.22005460208496
0.275 -0.342946178859272 -1.52759487701504 0.3577599090362 1.38188766161381 0.557406357545377 0.583160538774539 -0.7132615232117 1.04919577214113 -1.30621630533258 -1.17267085068305
0.2775 -0.328963109000976 -1.53813246056946 0.367748255840041 1.371791115429 0.501137697295063 0.637095507309095 -0.7507139533599 1.07917709574729 -1.28041657206589 -1.12001897662549
0.28 -0.314999794224772 -1.54829608222349 0.377730243111729 1.36092919591142 0.44497222430591 0.68945887121297 -0.786806749038927 1.10488336191949 -1.25089360814806 -1.06234630362797
0.2825 -0.301053945636904 -1.55809267339713 0.38766135115368 1.34932288310647 0.388991485668048 0.740144467060946 -0.821456421555763 1.12622073480119 -1.21773909308052 -0.999919358220037
0.285 -0.287123381278001 -1.5675289027687 0.39749916056888 1.33699274097921 0.333274415457574 0.789051103614997 -0.854581457881152 1.14311145672996 -1.18105502923977 -0.933022685804827
0.2875 -0.273206043157317 -1.57661115224606 0.407203453540716 1.32395887742646 0.277897197620187 0.836082771358175 -0.886102508732239 1.15549408925319 -1.14095342550392 -0.861957636333068
0.29 -0.25930001378231 -1.58534549392939 0.416736310079623 1.31024090640376 0.222933135135818 0.881148842713472 -0.915942572245556 1.1633237261124 -1.09755595048256 -0.787041122335693
0.2925 -0.245403532087664 -1.5937376682272 0.426062198583822 1.29585791240118 0.168452526214619 0.92416426185878 -0.944027173188747 1.16657217497435 -1.05099355662631 -0.708604351818073
0.295 -0.231515008662843 -1.6017930633011 0.435148060010531 1.28082841752261 0.114522548330378 0.965049722974442 -0.970284537723499 1.1652281043561 -1.00140607661385 -0.626991538076045
0.2975 -0.217633040173531 -1.60951669602592 0.443963384914436 1.26517035143912 0.0612071509403946 1.00373183570282 -0.994645763783937 1.15929715193408 -0.948941793536887 -0.542558588178642
0.3 -0.203756422869969 -1.61691319465965 0.45248028258307 1.24890102449858 0.00856695776980986 1.04014327656061 -1.01704498717916 1.14880199024286 -0.893756986491263 -0.455671771698242
0.3025 -0.189884165074396 -1.62398678342207 0.460673541484457 1.23203710427915 -0.0433408204472224 1.07422292502512 -1.03741954356155 1.13378234565334 -0.836015453291756 -0.36670637081223
0.305 -0.176015498540425 -1.63074126918214 0.468520680241852 1.21459459587536 -0.0944624618779911 1.10591598301681 -1.05571012642504 1.11429496649748 -0.775888012087653 -0.276045313099169
0.3075 -0.162149888579515 -1.63718003045147 0.476001988363528 1.19658882619952 -0.144747797278344 1.13517407652192 -1.07186094130805 1.09041353624956 -0.713551983738414 -0.18407778784011
0.31 -0.148287042853445 -1.64330600887506 0.483100555982896 1.17803443257127 -0.194150260613592 1.16195533814176 -1.08581985637672 1.06222852781511 -0.649190656855409 -0.0911978470577377
0.3125 -0.134426918737173 -1.6491217034008 0.489802291905402 1.15894535585046 -0.242626925818502 1.18622446941844 -1.09753854955321 1.02984699518717 -0.582992737463396 0.00219700787303611
0.315 -0.12056972916337 -1.65462916729565 0.496095929313652 1.13933483834719 -0.290138528964867 1.20795278187091 -1.10697265233046 0.993392299031645 -0.515151785268372 0.0957072527631633
0.3175 -0.106715946868359 -1.65983000815972 0.501973018550375 1.11921542671475 -0.336649475183536 1.22711821577891 -1.11408189038297 0.953003763136437 -0.445865638524212 0.188932779124765
0.32 -0.0928663069690525 -1.66472539106938 0.507427906479655 1.09859897999886 -0.382127829780091 1.24370533587498 -1.1188302210408 0.908836259107347 -0.375335829512958 0.281474343067167
0.3225 -0.0790218078116534 -1.66931604495736 0.512457702019537 1.07749668297864 -0.426545293089225 1.25770530324519 -1.12118596764061 0.861059717215477 -0.303766992638114 0.372935022864169
0.325 -0.0651837100452644 -1.67360227231169 0.517062227542419 1.05591906489315 -0.469877158730464 1.26911582289528 -1.1211219507093 0.809858561880099 -0.231366267122015 0.462921683080254
0.3275 -0.0513535338870361 -1.6775839622471 0.521243955952791 1.03387602360156 -0.512102255056518 1.27794106661066 -1.11861561586385 0.755431070916534 -0.158342696253514 0.551046442840074
0.33 -0.0375330545598762 -1.68126060697158 0.525007933373027 1.01137685517548 -0.553202869723372 1.28419157092133 -1.11364915824249 0.697988658361277 -0.0849066251244969 0.636928145297101
0.3325 -0.023724295898907 -1.68463132163844 0.528361687496187 0.988430288870626 -0.593164657456674 1.28788411017738 -1.10620964319763 0.637755081422203 -0.0112690987178398 0.720193825154626
0.335 -0.009929522138653 -1.68769486754053 0.531315121798121 0.965044527370652 -0.631976531240276 1.28904154494245 -1.09628912290141 0.574965572859318 0.0623587378240567 0.800480170401534
0.3375 0.00384877209092281 -1.69044967856823 0.533880395938056 0.941227292140755 -0.669630537308123 1.28769264611988 -1.08388474842883 0.509865900886905 0.135766234994468 0.877434974133697
0.34 0.0176078735149825 -1.69289389081771 0.536071792815708 0.916985873672907 -0.706121714477914 1.28387189543751 -1.06899887679739 0.442711359480707 0.208743829087094 0.950718571736538
0.3425 0.0313448636500546 -1.69502537520064 0.537905572891667 0.892327186348462 -0.741447938522281 1.27761926312767 -1.0516391723578 0.373765692770746 0.281083625115587 1.02000525839846
0.345 0.0450566338487932 -1.69684177287165 0.539399816514786 0.867257827589054 -0.775609752428323 1.26897996384767 -1.03181870184757 0.303299957983449 0.352579970941044 1.08498468123772
0.3475 0.0587399018602743 -1.69834053325579 0.540574255133691 0.84178414091338 -0.808610183547395 1.25800419209041 -1.00955602234161 0.231591332163409 0.423030021159383 1.14536320024208
0.35 0.0723912297976385 -1.69951895442594 0.541450092397261 0.815912282466713 -0.840454548781792 1.24474683853016 -0.984875261259566 0.158921868637896 0.492234289361296 1.20086521136673
0.3525 0.0860070433904227 -1.70037422554916 0.542049816269667 0.789648290541853 -0.871150249091674 1.22926718893511 -0.957806187526975 0.0855772098763359 0.559997187479196 1.25123442533594
0.355 0.0995836523854876 -1.70090347109274 0.542397003397267 0.762998157566804 -0.900706554732057 1.21162860745092 -0.928384272925504 0.0118452640420887 0.626127551018575 1.2962350948489
0.3575 0.113117271948144 -1.70110379645485 0.542516117065776 0.7359679039947 -0.929134382744277 1.19189820621809 -0.896650742624427 -0.0619851468929175 0.690439149041203 1.33565318309077
0.36 0.126604044904089 -1.70097233466232 0.542432300175471 0.708563653497415 -0.956446068327631 1.17014650342641 -0.862652613846565 -0.135625659087795 0.752751177869532 1.36929746597893
0.3625 0.140040064653282 -1.70050629375852 0.542171164738 0.680791708835605 -0.982655131802754 1.14644707203139 -0.826442721597493 -0.208789750011124 0.812888737545181 1.39700056059169
0.365 0.153421398578958 -1.69970300448928 0.5417585794598 0.652658627755629 -1.00777604294805 1.12087618145826 -0.788079730376489 -0.28119412369905 0.870683290160477 1.41861987227419
0.3675 0.166744111768844 -1.69855996788291 0.541220457023124 0.624171298247612 -1.03182398454279 1.09351243469716 -0.747628130788996 -0.352560088671385 0.925973099246926 1.43403845281779
0.37 0.180004290861179 -1.69707490231355 0.540582542705217 0.595337012490451 -1.05481461698418 1.0644364032475 -0.705158219997156 -0.422614918927462 0.978603649484559 1.44316576224537
0.3725 0.19319806782576 -1.69524578963371 0.539870205989049 0.566163538806984 -1.07676384586056 1.03373026239936 -0.660746064977343 -0.491093188374969 1.02842804604098 1.44593832727815
0.375 0.20632164348954 -1.69307091996381 0.539108236814513 0.536659190958627 -1.0976875943581 1.00147742934445 -0.614473447597351 -0.557738069084252 1.0753073929233 1.44232028939472
0.3775 0.219371310617752 -1.69054893473237 0.538320648097155 0.506832894120913 -1.11760158235414 0.967762206588428 -0.566427790590338 -0.622302583897257 1.11911114977303 1.43230383619215
0.38 0.232343476364808 -1.68767886757087 0.53753048610227 0.476694246901679 -1.13652111400618 0.932669433090128 -0.516702063574925 -0.684550804160541 1.15971746657448 1.41590951011417
0.3825 0.245234683914434 -1.6844601826824 0.536759650206022 0.446253578790543 -1.15446087558261 0.896284145482124 -0.46539466836372 -0.744258983690128 1.19701349579992 1.39318638915994
0.385 0.258041633135569 -1.68089281032228 0.536028723502579 0.415522002462231 -1.1714347451991 0.858691251631775 -0.412609302903495 -0.801216620508142 1.23089568154314 1.36421213487228
0.3875 0.270761200089439 -1.67697717905183 0.535356815627623 0.384511460396866 -1.18745561602524 0.819975218683059 -0.3584548033092 -0.855227438423786 1.2612700252209 1.32909290375716
0.39 0.283390455233708 -1.67271424445373 0.534761419065492 0.353234765326896 -1.20253523440928 0.780219777579064 -0.303044963578665 -0.906110281136194 1.28805232746676 1.28796311888353
0.3925 0.295926680181747 -1.66810551402763 0.534258280090023 0.321705634072506 -1.21668405423712 0.73950764590393 -0.246498332717376 -0.953699912236913 1.31116840583621 1.2409850994623
0.395 0.30836738288851 -1.66315306801855 0.533861285359956 0.289938714384718 -1.22991110869542 0.697920270703901 -0.188937989146489 -0.99784771524974 1.33055428798501 1.18834854707326
0.3975 0.320710311149383 -1.65785957596688 0.533582365049362 0.25794960447695 -1.24222390045063 0.655537592751175 -0.130491292426099 -1.03842228867623 1.34615637998543 1.13026988812195
0.4 0.33295346431412 -1.65222830880765 0.53343141324403 0.225754864991364 -1.25362831108644 0.61243783350472 -0.0712896124852079 -1.0753099318965 1.35793160946459 1.0669914732294
0.4025 0.345095103134878 -1.6462631463875 0.533416226177578 0.193372023214437 -1.26412853046493 0.568697305800533 -0.0114680367176245 -1.10841501870227 1.36584754325491 0.998780635144891
0.405 0.357133757684713 -1.63996858030978 0.533542458718141 0.160819569426974 -1.27372700649207 0.52439024907373 0.0488349445293211 -1.13766025619732 1.36988247926993 0.925928607969973
0.4075 0.369068233301025 -1.63334971206152 0.53381359934956 0.128116945345579 -1.28242441557973 0.479588689677858 0.109477773376269 -1.16298682778337 1.37002551231393 0.84874931140382
0.41 0.380897614526619 -1.62641224641931 0.53423096372237 0.0952845246850157 -1.2902196539053 0.434362326626793 0.17031617987698 -1.18435441994166 1.36627657356529 0.767578004807003
0.4125 0.392621267039449 -1.61916248017485 0.534793706680803 0.0623435859432156 -1.29710984937862 0.388778442843395 0.231203556495215 -1.20174113351608 1.35864644347004 0.682769816933
0.415 0.404238837580462 -1.61160728626371 0.535498852505226 0.0293162775816171 -1.30309039403658 0.342901841760103 0.291991350400766 -1.21514328117828 1.34715673781852 0.594698158094849
0.4175 0.415750251906732 -1.60375409342291 0.536341342945975 -0.00377442415711488 -1.30815499640085 0.296794808882036 0.352529472235109 -1.22457507372357 1.33183986677634 0.503753022516968
0.42 0.427155710814639 -1.59561086154314 0.537314102466919 -0.03690476448555 -1.31229575315459 0.250517097696367 0.412666719851441 -1.23006819876484 1.31273896669341 0.410339189500421
0.4225 0.438455684294492 -1.58718605292011 0.538408119966496 -0.0700502659904535 -1.31550323932332 0.204125939093964 0.472251215396302 -1.23167129627983 1.28990780451435 0.314874332975203
0.425 0.449650903893825 -1.57848859964549 0.539612546102334 -0.103185790803558 -1.31776661598375 0.157676073264215 0.53113085397317 -1.22944933629457 1.263410654676 0.217787049449447
0.4275 0.460742353381386 -1.56952786741135 0.540914805214195 -0.136285608538995 -1.31907375437448 0.111219802832689 0.589153762015285 -1.22348290475936 1.23332214839948 0.119514815568224
0.43 0.471731257817465 -1.56031361603223 0.542300720720225 -0.169323469463218 -1.31941137514606 0.06480706583628 0.64616876339353 -1.2138674043725 1.19972709534351 0.0205018864803423
0.4325 0.482619071148426 -1.55085595701586 0.543754652754576 -0.202272682319697 -1.31876520136512 0.0184855269733461 0.70202585120148 -1.20071217773417 1.16272027762982 -0.0788028527147877
0.435 0.493407462454231 -1.54116530853702 0.545259646721185 -0.235106196193474 -1.31712012378064 -0.0276993145718686 0.756576663087464 -1.18413956075941 1.122406216322 -0.177948070165117
0.4375 0.504098300987011 -1.53125234818821 0.546797591359864 -0.267796685769803 -1.31446037676928 -0.0737040025488001 0.809674957951365 -1.16428387473682 1.07889891049346 -0.2764821923467
0.44 0.51469364014656 -1.52112796389656 0.548349384857306 -0.300316639316904 -1.31076972330334 -0.119486988218732 0.861177091786077 -1.14129036579203 1.03232154910705 -0.37395561809994
0.4425 0.525195700544709 -1.51080320340771 0.549895107487484 -0.332638448705623 -1.30603164722833 -0.165008484081012 0.910942490422457 -1.11531410079434 0.982806195997911 -0.469922928562223
0.445 0.535606852315043 -1.50028922274475 0.551414199233679 -0.364734500768248 -1.30022955109874 -0.210230308788927 0.958834116934086 -1.08651882893228 0.930493448341916 -0.56394508001301
0.4475 0.545929596827191 -1.48959723405346 0.552885640827644 -0.396577269295278 -1.29334695779947 -0.255115725327589 1.00471893147222 -1.05507581827931 0.875532069082086 -0.655591566754529
0.45 0.556166547966161 -1.47873845324448 0.554288136640323 -0.428139406972169 -1.28536771417694 -0.299629274534022 1.0484683413292 -1.02116267667466 0.818078593879561 -0.744442541240719
0.4525 0.566320413136677 -1.46772404783804 0.555600297872529 -0.459393836567716 -1.2762761949177 -0.343736606027325 1.08995863907813 -0.984962166160794 0.758296913264146 -0.830090879159737
0.455 0.576393974150576 -1.45656508540841 0.556800824522547 -0.490313840702175 -1.26605750494233 -0.387404308582472 1.12907142669498 -0.946661020048019 0.696357830750537 -0.912144177478659
0.4575 0.586390068151744 -1.44527248301334 0.55786868465009 -0.520873149545003 -1.25469767862806 -0.430599741928701 1.16569402364864 -0.906448771426155 0.632438597803381 -0.990226673906599
0.46 0.596311568728344 -1.43385695797781 0.558783289511537 -0.551046025820204 -1.24218387423458 -0.473290871881164 1.19971985703293 -0.864516601614612 0.566722426647201 -1.06398107699715
0.4625 0.6061613673558 -1.42232898038315 0.559524663208855 -0.580807346529957 -1.22850456198132 -0.515446110626074 1.23104883191805 -0.821056216646209 0.49939798200432 -1.13307029655813
0.465 0.615942355306761 -1.41069872759116 0.560073605573162 -0.61013268084495 -1.2136497043115 -0.557034163874902 1.25958768021366 -0.776258759416597 0.430658852987648 -1.19717906485678
0.4675 0.625657406155836 -1.39897604110863 0.560411847092154 -0.638998363651622 -1.19761092697605 -0.598023886485362 1.28525028646119 -0.730313764609814 0.360703006456699 -1.25601543998032
0.47 0.635309358997535 -1.38717038607199 0.560522194787398 -0.667381564291834 -1.18038167967848 -0.638384148015889 1.3079579891054 -0.683408162947264 0.28973222326119 -1.30931218331016
0.4725 0.644901002485809 -1.3752908136036 0.560388668051689 -0.695260350079106 -1.16195738513743 -0.678083709540182 1.32763985593909 -0.635725340688779 0.217951518907036 -1.35682800430546
0.475 0.654435059792705 -1.3633459262618 0.55999662356653 -0.722613744226208 -1.14233557554709 -0.717091112899038 1.34423293256065 -0.58744425967537 0.145568550268012 -1.39834866627205
0.4775 0.663914174572433 -1.35134384677665 0.559332868534506 -0.749421777871792 -1.12151601554372 -0.755374583410824 1.35768246283877 -0.538738642526827 0.0727930100702773 -1.43368794818098
0.48 0.673340898005433 -1.33929219023145 0.558385761579131 -0.775665535947697 -1.09950081091878 -0.79290194690204 1.36794208053392 -0.489776226918397 -0.000163989043659444 -1.46268845826574
0.4825 0.682717676985096 -1.3271980398189 0.557145300784574 -0.801327196683213 -1.07629450245403 -0.829640561756023 1.37497397138575 -0.44071809215765 -0.0730905389678645 -1.48522229618785
0.485 0.692046843497821 -1.31506792626865 0.555603198468165 -0.826390064597441 -1.05190414438951 -0.865557266513544 1.37874900513407 -0.391718060579164 -0.145774567142286 -1.50119156155909
0.4875 0.70133060523498 -1.30290781101154 0.553752942398616 -0.850838596885359 -1.02633936717082 -0.900618343396097 1.37924683710083 -0.342922175570878 -0.218004472080955 -1.51052870752823
0.49 0.710571037463589 -1.29072307311452 0.551589843291224 -0.874658423156609 -0.999612424255867 -0.934789497960955 1.37645597911792 -0.294468257353806 -0.289569761329901 -1.51319673921008
0.4925 0.719770076170755 -1.2785184999902 0.549111068527009 -0.89783635853831 -0.97173822289218 -0.968035854940047 1.37037383973981 -0.246485536963358 -0.360261689712428 -1.50918925737783
0.495 0.728929512485717 -1.26629828185548 0.546315662154718 -0.920360410203527 -0.942734338903361 -1.00032197016215 1.36100673383179 -0.199094368224494 -0.429873895688594 -1.49853034914976
0.4975 0.738050988372441 -1.25406600988589 0.543204551342035 -0.94221977743521 -0.912621015644864 -1.03161185831247 1.34836986177039 -0.152406016888091 -0.498203033632158 -1.48127432796436
0.5 0.747135993575349 -1.24182467798555 0.539780539544591 -0.963404845381228 -0.881421147406552 -1.06186903614478 1.3324872586329 -0.106522525499914 -0.565049399799487 -1.45750532598484
0.5025 0.756185863791029 -1.22957668806789 0.536048286757361 -0.983907172698938 -0.849160247648861 -1.09105658063149 1.31339171388843 -0.0615366520152402 -0.630217549777041 -1.42733674303641
0.505 0.765201780029649 -1.21732385871914 0.53201427730282 -1.00371947332764 -0.815866402562755 -1.11913720141644 1.29112466222975 -0.0175318796499307 -0.693516905186122 -1.39091055685359
0.5075 0.77418476912134 -1.20506743709528 0.527686775692703 -1.02283559266399 -0.781570210538456 -1.14607332682369 1.26573604630474 0.0254175050181728 -0.754762347455893 -1.34839649989104
0.51 0.783135705315124 -1.192808113884 0.523075771175579 -1.0412504784485 -0.746304708215352 -1.17182720257521 1.23728415221944 0.0672462691213387 -0.813774796494171 -1.29999110891536
0.5125 0.792055312911022 -1.18054604114585 0.518192911649988 -1.05896014670127 -0.710105283863987 -1.19636100228048 1.20583541878811 0.107898029561929 -0.870381772125457 -1.24591665397468
0.515 0.800944169859749 -1.168280852834 0.513051427682753 -1.07596164307094 -0.673009578921042 -1.21963694868135 1.17146422160081 0.14732499221763 -0.924417936225514 -1.18641995392798
0.5175 0.809802712259058 -1.15601168777851 0.507666047424054 -1.09225299998373 -0.635057378559849 -1.2416174445681 1.13425263306681 0.18548763875124 -0.975725613533755 -1.12177108609417
0.52 0.818631239671078 -1.1437372149106 0.502052903254736 -1.10783318999812 -0.59629049223108 -1.26226521222515 1.09429015966714 0.222354365728755 -1.0241552892029 -1.05226199817699
0.5225 0.827429921181264 -1.13145566049326 0.496229431037705 -1.12270207578622 -0.556752625152481 -1.2815434402185 1.05167345772367 0.257901080966488 -1.06956608121676 -0.978205030760866
0.525 0.836198802116363 -1.11916483711786 0.490214262873518 -1.13686035717463 -0.516489241761351 -1.29941593630237 1.00650602904733 0.292110762176166 -1.11182618590707 -0.899931359148747
0.5275 0.844937811336534 -1.10686217422172 0.484027114281243 -1.15030951568611 -0.475547422170425 -1.31584728519653 0.958897897882707 0.324972983101326 -1.15081329489048 -0.817789363405538
0.53 0.853646769015119 -1.09454474987862 0.477688666739124 -1.16305175702814 -0.433975712686053 -1.33080300997218 0.908965270608796 0.35648341240704 -1.18641498185624 -0.732142935726976
0.5325 0.862325394818632 -1.08220932361322 0.471220446525896 -1.17508995197649 -0.391823971458165 -1.34424973577832 0.856830179689231 0.386643290615374 -1.21852905774736 -0.643369734412331
0.535 0.870973316399312 -1.06985236999142 0.464644700803208 -1.18642757610051 -0.349143210334061 -1.35615535464611 0.80262011339404 0.41545889037409 -1.24706389299589 -0.551859393714775
0.5375 0.879590078112953 -1.05747011274091 0.457984271872343 -1.19706864877228 -0.305985433983372 -1.36648919012144 0.746467632830372 0.442940965292307 -1.27193870560379 -0.458011698904932
0.54 0.88817514987581 -1.04505855916043 0.451262470525233 -1.20701767189509 -0.262403477349622 -1.37522216049887 0.688509977834433 0.469104192499865 -1.29308381397837 -0.362234735929936
0.5425 0.896727936075882 -1.03261353458204 0.444502949390234 -1.21627956877624 -0.218450842465281 -1.38232693945976 0.628888663274917 0.493966613959535 -1.31044085358943 -0.264943024822117
0.545 0.905247784456155 -1.02013071665763 0.437729577148268 -1.22485962355723 -0.174181535641761 -1.38777811295615 0.567749067320784 0.517549081421206 -1.3239629566238 -0.166555646054673
0.5475 0.913733994889972 -1.00760566924963 0.430966314464397 -1.23276342159909 -0.12964990601487 -1.39155233122676 0.505240013208179 0.539874709710482 -1.3336148939883 -0.06749436879529
0.55 0.922185827971972 -0.995033875715534 0.424237092444636 -1.23999679120394 -0.0849104863888873 -1.39362845488363 0.441513346030164 0.560968342845883 -1.3393731791279 0.0318182101789308
0.5525 0.930602513351649 -0.982410771386869 0.417565694387571 -1.2465657470341 -0.0400178372800802 -1.39398769406671 0.376723506044921 0.580856037231934 -1.34122613328783 0.13096050834038
0.555 0.938983257740679 -0.969731775055313 0.410975641555825 -1.25247643556942 0.00497360498735366 -1.39261373972766 0.311027099969259 0.599564565911182 -1.33917391199825 0.229513771873313
0.5575 0.947327252529706 -0.956992319291897 0.404490083643801 -1.25773508291978 0.0500096753321535 -1.38949288617418 0.244582471688735 0.617120947576802 -1.33322849269811 0.327063854675532
0.56 0.955633680955133 -0.944187879439121 0.398131694565712 -1.26234794528567 0.095036621369962 -1.3846141440809 0.177549273773745 0.633552003730679 -1.32341362356928 0.423202954446435
0.5625 0.963901724761728 -0.931314001130832 0.391922574132042 -1.26632126233287 0.140001238587479 -1.37796934325217 0.110088041144905 0.648883947050395 -1.30976473380076 0.517531298467925
0.565 0.972130570312393 -0.918366326210323 0.385884156123676 -1.26966121372012 0.18485099861859 -1.36955322450563 0.0423597681787115 0.663142003675367 -1.29232880564804 0.609658772527193
0.5675 0.980319414102319 -0.905340616933473 0.380037123211226 -1.27237387898943 0.229534170072076 -1.35936352013221 -0.025474509509889 0.676350071769386 -1.27116420879496 0.699206486331406
0.57 0.988467467640829 -0.892232778360575 0.374401329102995 -1.27446520099914 0.273999931431403 -1.34740102247831 -0.0932541274342398 0.688530418332389 -1.24634049767197 0.785808269690805
0.5725 0.996573961670524 -0.879038878857963 0.368995728239055 -1.27594095304886 0.318198475620404 -1.33366964028844 -0.160819197638135 0.699703415859478 -1.21793817252177 0.869112093946058
0.575 1.00463814969989 -0.86575516864812 0.363838313281198 -1.27680670981412 0.362081105903747 -1.31817644254089 -0.22801100609158 0.709887320040756 -1.18604840514031 0.94878141378114
0.5775 1.01265931083204 -0.852378096364994 0.358946060579915 -1.27706782217681 0.405600322868049 -1.30093168960481 -0.294672401103761 0.719098089303991 -1.15077273035464 1.02449642487211
0.58 1.02063675187916 -0.838904323589282 0.35433488373012 -1.27672939600504 0.448709902307058 -1.28194885164338 -0.360648171852182 0.727349246597305 -1.11222270441411 1.09595523365862
0.5825 1.02856980875871 -0.825330737356452 0.350019595257814 -1.27579627490428 0.491364963912496 -1.26124461428385 -0.425785416201824 0.734651783400753 -1.07051953162569 1.16287493572431
0.585 1.03645784717454 -0.811654460648202 0.346013876410833 -1.2742730269295 0.533522030750196 -1.23883887167106 -0.489933897060955 0.741014105566486 -1.02579366063271 1.22499260011042
0.5875 1.04430026259235 -0.797872860895614 0.34233025495852 -1.27216393521643 0.575139079578005 -1.21475470711448 -0.552946386600499 0.746442020182533 -0.978184351898563 1.28206615718194
0.59 1.05209647952578 -0.783983556539434 0.338980090838647 -1.26947299245952 0.616175582137906 -1.18901836163083 -0.614678997737574 0.750938762281767 -0.927839218012511 1.33387518851291
0.5925 1.0598459501556 -0.769984421709424 0.335973569425142 -1.26620389913426 0.656592537627977 -1.16165919077194 -0.67499150236361 0.754505059835644 -0.874913738576394 1.38022161742752
0.595 1.06754815231068 -0.755873589100527 0.333319702128623 -1.26236006533278 0.696352496630704 -1.1327096102127 -0.733747635869336 0.757139235132055 -0.819570751480888 1.42093029971334
0.5975 1.07520258684506 -0.741649451138437 0.331026333983054 -1.25794461605494 0.73541957684105 -1.10220503065195 -0.790815387595053 0.75883734029039 -0.761979922483436 1.45584951435573
0.6 1.08280877445103 -0.727310659540958 0.329100157817437 -1.2529603997716 0.773759471000637 -1.0701837826539 -0.846067276906681 0.759593324364846 -0.702317195075053 1.48485135469697
0.6025 1.09036625195299 -0.712856123394058 0.327546734561573 -1.24741000005361 0.811339447502241 -1.03668703212361 -0.899380614664126 0.75939922920505 -0.640764222659924 1.50783202088658
0.605 1.09787456813133 -0.698285005872676 0.326370519190096 -1.24129575003924 0.848128344181068 -1.00175868716979 -0.950637749915957 0.758245410987743 -0.577507785163334 1.52471201495665
0.6075 1.10533327912948 -0.683596719745995 0.325574891770078 -1.23461974949437 0.884096555855247 -0.965445297159186 -0.9997263017142 0.756120784123074 -0.512739192191125 1.53543624043248
0.61 1.1127419435006 -0.668790921814783 0.325162193044642 -1.22738388420447 0.919216016217124 -0.927795944808969 -1.04653937600082 0.753013084052101 -0.446653674930798 1.53997400841974
0.6125 1.12010011695293 -0.653867506434606 0.325133763959116 -1.21958984742422 0.953460174708766 -0.888862132196193 -1.09097576756551 0.748909145322851 -0.379449768975548 1.53831895293959
0.615 1.12740734685469 -0.638826598283024 0.32548998851723 -1.21123916310224 0.986803969038749 -0.848697661585418 -1.13294014712429 0.743795191224458 -0.31132869029811 1.53048885823963
0.6175 1.13466316656081 -0.6236685445311 0.326230339343472 -1.20233321059131 1.01922379401319 -0.807358511988015 -1.17234323360436 0.737657131215483 -0.242493706582902 1.51652540133447
0.62 1.14186708962372 -0.608393906579945 0.32735342532398 -1.19287325055267 1.05069746736081 -0.764902712366832 -1.20910195175489 0.730480862372082 -0.173149506118248 1.49649381304926
0.6225 1.14901860395052 -0.593003451521111 0.328857040702375 -1.18286045176319 1.08120419323039 -0.721390212390271 -1.24313957523278 0.722252571118233 -0.10350156645412 1.47048246135455
0.625 1.15611716596718 -0.577498143475889 0.330738215018986 -1.1722959185391 1.11072452402834 -0.676882751617969 -1.27438585532771 0.712959031593166 -0.0337555249706608 1.43860236055845
0.6275 1.16316219484871 -0.561879134962565 0.332993263301801 -1.1611807184973 1.13924032124497 -0.631443727968269 -1.30277713550913 0.702587897139139 0.0358834465112359 1.40098661038538
0.63 1.17015306687149 -0.546147758432808 0.33561783594485 -1.14951591038696 1.16673471589044 -0.585138066274335 -1.32825645198216 0.691127981572265 0.105211261001546 1.35778976871941
0.6325 1.17708910993997 -0.530305518108452 0.338606967744781 -1.13730257173828 1.19319206912485 -0.538032087682136 -1.35077362044061 0.678569527119362 0.174025527476949 1.30918716217969
0.635 1.18396959833651 -0.514354082238364 0.341955125608187 -1.12454182609317 1.21859793362356 -0.490193380580684 -1.37028530920007 0.664904456172604 0.242126151938177 1.25537413825146
0.6375 1.19079374773732 -0.498295275881595 0.345656254490545 -1.11123486960289 1.24293901616727 -0.441690673682519 -1.38675509888341 0.650126604304558 0.309315926500176 1.19656526296097
0.64 1.1975607105328 -0.482131074308289 0.349703821181822 -1.09738299680098 1.26620314188883 -0.392593711792603 -1.40015352881518 0.634231932330388 0.375401104729579 1.13299346793654
0.6425 1.20426957148401 -0.465863597093594 0.354090855613088 -1.08298762538493 1.28837922054507 -0.342973134716551 -1.41045813025854 0.617218715566482 0.440191961529513 1.06490915039391
0.645 1.21091934374099 -0.449495102962587 0.358809989421767 -1.0680503198676 1.30945721511374 -0.292900359666836 -1.41765344660837 0.599087708820413 0.503503335951012 0.99257922959479
0.6475 1.21750896524159 -0.433027985426165 0.363853491580201 -1.05257281398788 1.32942811294327 -0.242447467428232 -1.42173104062274 0.57984228606402 0.565155155442656 0.916286163201844
0.65 1.22403729550282 -0.416464769229194 0.369213300961033 -1.0365570318001 1.34828389960834 -0.19168709244436 -1.42268948874866 0.559488554157455 0.624972940126062 0.836326926455993
0.6525 1.23050311280943 -0.399808107613309 0.374881055783445 -1.02000510739204 1.36601753554759 -0.14069231688618 -1.42053436256581 0.538035440425979 0.682788285812746 0.753011957351262
0.655 1.23690511179747 -0.383060780377802 0.380848119954558 -1.00291940321195 1.38262293548339 -0.0895365686619244 -1.41527819734261 0.515494754317721 0.738439324586593 0.666664070246114
0.6575 1.24324190142372 -0.366225692703528 0.387105606389873 -0.985302527015077 1.39809495054748 -0.0382935232304051 -1.40694044766836 0.491881223800869 0.791771161885924 0.577617340585548
0.66 1.24951200330503 -0.349305874686686 0.393644397463734 -0.96715734746946 1.41242935296312 0.0129629910168084 -1.39554743009777 0.467212507560911 0.842636289140731 0.486215962940478
0.6625 1.25571385040548 -0.332304481512403 0.400455162804781 -0.94848700848865 1.42562282306422 0.0641590841271945 -1.38113225271951 0.441509184457735 0.890894971131041 0.392813084431483
0.665 1.26184578604328 -0.315224794182154 0.407528374710773 -0.92929494238486 1.43767293836682 0.115220893119854 -1.36373473153901 0.414794722058757 0.936415607339361 0.297769615380141
0.6675 1.26790606318429 -0.298070220694806 0.414854321511115 -0.909584881959686 1.44857816434916 0.166074668159009 -1.34340129354839 0.387095426404863 0.979075066709231 0.201453019024779
0.67 1.27389284398424 -0.280844297568516 0.42242311925277 -0.889360871670374 1.45833784654431 0.216646856913657 -1.32018486634884 0.358440375446506 1.018758995276 0.10423608175647
0.6725 1.27980419953833 -0.263550691580213 0.430224722125274 -0.868627278027197 1.46695220350544 0.266864187701023 -1.29414475418244 0.328861338847732 1.05536209630997 0.00649566550702548
0.675 1.28563810979379 -0.246193201591126 0.438248932072161 -0.847388799391469 1.47442232016886 0.316653752052905 -1.26534650023733 0.298392687045302 1.08878838265233 -0.0913885564859503
0.6775 1.29139246357906 -0.228775760320925 0.44648540805888 -0.825650475354058 1.4807501411146 0.365943087370596 -1.2338617350992 0.267071292599545 1.1189514010452 -0.189035378832309
0.68 1.29706505870269 -0.211302435929787 0.454923675480466 -0.803417695880196 1.48593846320986 0.414660260347442 -1.19976801123965 0.234936426965162 1.14577442834906 -0.286063357008154
0.6825 1.3026536020747 -0.193777433267034 0.463553136195503 -0.780696210408259 1.48999092711645 0.462733951836866 -1.16314862346474 0.202029655832598 1.16919063961362 -0.382092112437142
0.685 1.30815570980492 -0.176205094647099 0.472363079665918 -0.757492137087578 1.49291200715106 0.510093543825928 -1.12409241527761 0.168394736167822 1.18914324804002 -0.476743648200935
0.6875 1.31356890723463 -0.158589900018481 0.481342695665038 -0.7338119723332 1.49470699900543 0.55666920914354 -1.08269357115744 0.134077517983435 1.20558561696133 -0.569643673623182
0.69 1.31889062886159 -0.140936466398884 0.490481088988721 -0.709662600864094 1.49538200486374 0.602392004484717 -1.03905139481272 0.0991258537174522 1.21848134400037 -0.660422935639048
0.6925 1.32411821812274 -0.123249546460087 0.499767296567194 -0.685051306375598 1.49494391549485 0.647193967270802 -0.993270073524793 0.0635895178909878 1.22780431764725 -0.748718554996028
0.695 1.3292489270043 -0.105534026158853 0.509190307328059 -0.659985782976736 1.49340038894887 0.691008216789677 -0.945458428772341 0.0275201394423814 1.23353874652548 -0.834175364532975
0.6975 1.33427991545535 -0.0877949213254646 0.518739085105213 -0.634474147499539 1.490759825548 0.73376905997141 -0.895729653403171 -0.00902885118603999 1.23567916166905 -0.916447246874978
0.7 1.33920825058805 -0.0700373731388659 0.52840259482427 -0.608524952759892 1.48703133893206 0.77541210205316 -0.844201035703037 -0.0460022585004554 1.2342303921635 -0.995198468416863
0.7025 1.3440309056557 -0.0522666424367787 0.538169832123569 -0.582147201819123 1.48222472299731 0.815874362276649 -0.790993670806649 -0.0833431406625645 1.22920751452721 -1.07010500594413
0.705 1.34874475880803 -0.0344881028302512 0.548029856492375 -0.555350363262098 1.47635041465164 0.855094394639478 -0.736232159981848 -0.120992809606024 1.2206357762478 -1.14085586198371
0.7075 1.3533465916326 -0.0167072326145043 0.557971827924881 -0.528144387472393 1.46941945240038 0.893012413594522 -0.680044298426618 -0.15889081221435 1.2085504938868 -1.20715436464973
0.71 1.35783308750004 0.00107039450857825 0.567985047002215 -0.500539723847754 1.46144343087114 0.929570424457447 -0.622560752311765 -0.19697489270949 1.19299692619644 -1.26871944698357
0.7125 1.36220082974072 0.018839119856821 0.578058998225349 -0.472547338861049 1.45243445148386 0.964712358145197 -0.563914725907777 -0.235180936926982 1.17403012269698 -1.3252869008197
0.715 1.36644629969008 0.0365932112790445 0.588183396331864 -0.444178734833191 1.44240506957054 0.998384209729963 -0.504241619734394 -0.273442899681099 1.15171474817053 -1.37661059946349
0.7175 1.37056587464902 0.0543268756630318 0.598348235239648 -0.415445969246068 1.43136823834708 1.03053418015513 -0.443678680773292 -0.311692716952815 1.12612488354051 -1.42246368318843
0.72 1.37455582581539 0.0720342723280307 0.608543839172839 -0.386361674385939 1.41933725023542 1.06111282032496 -0.382364645876868 -0.349860205146232 1.09734380359962 -1.4626397012944
0.7225 1.37841231625113 0.0897095271667393 0.618760915440961 -0.356939077071477 1.40632567612619 1.09007317665021 -0.320439379603491 -0.387872950163177 1.06546373207297 -1.49695370394829
0.725 1.38213139895786 0.10734674738002 0.628990608262567 -0.327192018186868 1.39234730325833 1.1173709370094 -0.258043507789638 -0.425656189508413 1.03058557449959 -1.52524327693505
0.7275 1.38570901514119 0.12494003662762 0.639224552951625 -0.297134971708787 1.37741607247166 1.14296457597307 -0.195318048253657 -0.463132691077424 0.992818629414882 -1.54736951222486
0.73 1.38914099275062 0.142483510400138 0.649454929719131 -0.266783062888455 1.36154601565922 1.16681549803665 -0.132404040090915 -0.500222632665356 0.952280278352251 -1.56321790668654
0.7325 1.39242304538718 0.159971311401879 0.659674516286048 -0.236152085225646 1.34475119430707 1.18888817751999 -0.0694421730812592 -0.536843486569485 0.90909565517993 -1.57269918202697
0.735 1.39555077167571 0.177397624721284 0.669876738456819 -0.205258515852069 1.32704564005906 1.20915029371874 -0.00657241878102896 -0.572909913945145 0.863397295306586 -1.57575001794665
0.7375 1.39851965520132 0.194756692555553 0.680055717767576 -0.174119528926665 1.30844329828118 1.22757285983659 0.056066335096385 -0.608333673779321 0.815324765316224 -1.57233369144327
0.74 1.40132506511164 0.212042828249289 0.69020631529943 -0.142753006635721 1.28895797562444 1.24413034418911 0.118336645379207 -0.643023551499089 0.765024273629871 -1.56244061489342
0.7425 1.40396225748674 0.229250429403427 0.7003241707368 -0.111177547386771 1.26860329259504 1.25880078215093 0.180102867576556 -0.6768853122923 0.712648262809947 -1.54608876574102
0.745 1.40642637757702 0.246373989810831 0.710405735752987 -0.0794124707869954 1.24739264213557 1.27156587731857 0.241231501820769 -0.709821684222809 0.658354984165443 -1.52332400113759
0.7475 1.40871246300739 0.263408109978472 0.720448300821667 -0.0474778190045283 1.22533915520159 1.28241109038286 0.301591528997603 -0.741732376124187 0.602308055371 -1.49422025108163
0.75 1.41081544804089 0.280347506003509 0.730450014582784 -0.0153943541249123 1.20245567428227 1.29132571424594 0.361054735478214 -0.772514135095411 0.544676001848496 -1.45887958425206
0.7525 1.41273016898995 0.297187016581466 0.740409894935394 0.0168164488652644 1.17875473576352 1.29830293398215 0.419496024921227 -0.802060848169107 0.485631782728996 -1.41743214110746
0.755 1.41445137085556 0.313921607939312 0.750327831087288 0.0491324138096448 1.15424856196653 1.30333987032375 0.476793715669375 -0.830263692399035 0.425352302271127 -1.37003592971081
0.7575 1.41597371526602 0.33054637650435 0.760204575862105 0.0815306801387661 1.12894906361427 1.30643760545741 0.532829822348157 -0.857011337205521 0.364017907653773 -1.31687648018188
0.76 1.41729178977698 0.347056549141191 0.770041727648083 0.113987724925502 1.10286785338467 1.30760119003892 0.587490320362963 -0.882190202335004 0.301811874197046 -1.25816635494222
0.7625 1.41840011858251 0.363447480813764 0.77984170146778 0.146479390469971 1.07601627110185 1.30683963047501 0.640665392094818 -0.90568477424888 0.238919879052655 -1.194144512186
0.765 1.41929317467468 0.379714649556771 0.789607688754629 0.178980917597519 1.04840542099726 1.3041658556787 0.692249653711518 -0.927377983135454 0.175529464560827 -1.12507552162169
0.7675 1.41996539347501 0.395853648671182 0.799343605538422 0.211466984801572 1.02004622134294 1.29959666267765 0.74214236164088 -0.947151642070021 0.111829492513092 -1.05124863202596
0.77 1.42041118794648 0.411860176090783 0.809054028866737 0.243911753307465 0.990949466618691 1.2931526406415 0.790247597886839 -0.964886949128466 0.048009590645162 -0.972976691497521
0.7725 1.42062496517929 0.427730020901234 0.818744121421869 0.276288918074695 0.961125902228145 1.28485807309263 0.836474433519214 -0.980465052488761 -0.0157404072103992 -0.890594922261045
0.775 1.42060114442735 0.443459047029071 0.828419544430892 0.30857176469321 0.930586311623917 1.2747408182724 0.880737069819947 -0.993767677762224 -0.0792310258230856 -0.80445955308171
0.7775 1.42033417655565 0.459043174155165 0.838086359109254 0.340733232066096 0.899341615544023 1.26283216784996 0.922954956728513 -1.00467781596524 -0.142273716521124 -0.714946313422982
0.78 1.41981856484209 0.474478355945072 0.847750917023567 0.372745980705893 0.867402982899939 1.24916668438076 0.96305288839588 -1.01308046970534 -0.204681426744449 -0.622448794767933
0.7825 1.41904888705986 0.489760555726821 0.857419739905573 0.404582466406671 0.834781952694674 1.23378201814408 1.00096107581923 -1.01886345430843 -0.266269169454079 -0.527376685238759
0.785 1.41801981874998 0.504885719784584 0.867099389595058 0.436215018988615 0.801490566187805 1.21671870421185 1.03661519670241 -1.02191824977249 -0.326854590570012 -0.43015388572995
0.7875 1.41672615757671 0.519849748474073 0.876796328932574 0.46761592574765 0.767541508366131 1.19801994081948 1.06995642285283 -1.02214089860123 -0.386258532557561 -0.331216515521934
0.79 1.41516284864249 0.534648465401694 0.886516774561978 0.498757519180066 0.732948257625309 1.17773135032593 1.10093142558789 -1.01943294378058 -0.444305592221198 -0.231010817759144
0.7925 1.41332501062364 0.549277584944118 0.896266542736048 0.529612268492103 0.697725242421009 1.15590072425542 1.12949235979222 -1.01370240037375 -0.500824670689842 -0.129990975267733
0.795 1.4112079625735 0.563732678417735 0.906050889344004 0.56015287434724 0.661888003510317 1.13257775411157 1.15559682741508 -1.00486475350788 -0.555649513564247 -0.0286168484438355
0.7975 1.40880725122602 0.57800913923763 0.91587434549646 0.590352366251092 0.625453360276489 1.10781374983837 1.17920782135424 -0.992843974835229 -0.608619239129201 0.0726483518853156
0.8 1.40611867862065 0.592102147433273 0.925740550109155 0.620184201924981 0.588439579514548 1.08166134797306 1.20029365080409 -0.977573548962874 -0.659578852535901 0.173340443585837
0.8025 1.40313832985829 0.606006633912414 0.935652081020731 0.649622367975953 0.550866544953613 1.0541742116886 1.21882784928321 -0.958997500794403 -0.708379743832668 0.272996689779073
0.805 1.39986260078881 0.619717244885427 0.945610286260387 0.678641481133276 0.512755925704904 1.0254067250583 1.23478906667186 -0.937071414274801 -0.754880167720122 0.371158238388965
0.8075 1.39628822542262 0.633228306879325 0.955615117147157 0.707216889289686 0.474131341754286 0.9954136839892 1.24816094669571 -0.911763432657768 -0.798945702921947 0.467372569144535
0.81 1.3924123028531 0.646533792783538 0.965664964953011 0.735324771561253 0.435018524565157 0.964249986362519 1.25893199138559 -0.88305523013397 -0.840449689098468 0.56119593263334
0.8125 1.3882323234721 0.659627289377956 0.975756502895993 0.762942236561534 0.39544547082359 0.931970323988804 1.26709541412088 -0.850942944469397 -0.879273639249714 0.652195765254862
0.815 1.38374619425917 0.672501966797885 0.98588453524635 0.79004741807572 0.355442587342389 0.898628879028897 1.27264898292591 -0.815438060224484 -0.915307625618253 0.739953063981897
0.8175 1.37895226292422 0.685150550389695 0.99604185532773 0.816619567317562 0.315042825145914 0.864279027551498 1.27559485573402 -0.776568232146444 -0.948450637177164 0.824064705058472
0.82 1.37384934068602 0.697565295405627 1.00621911417642 0.842639140957199 0.27428180078265 0.828973052890009 1.2759394093658 -0.734378038445664 -0.978610906862765 0.904145690244439
0.8225 1.36843672347221 0.709737964975835 1.01640470158434 0.868087884121016 0.233197902958472 0.792761871428838 1.27369306397875 -0.688929653911374 -1.0057062067973 0.979831305269385
0.825 1.36271421133304 0.721659811780721 1.02658464119573 0.892948907585855 0.191832382649822 0.755694773388596 1.26887010474015 -0.640303433158302 -1.02966410989057 1.05077917468347
0.8275 1.35668212586886 0.733321563826646 1.03674250125366 0.917206758418832 0.150229424942601 0.717819181093492 1.26148850245663 -0.588598394742258 -1.05042221629655 1.11667119856717
0.83 1.35034132548184 0.744713414703583 1.04685932250083 0.940847483350848 0.108436200949321 0.679180427092161 1.25156973485027 -0.533932597444298 -1.06792834336938 1.17721535662812
0.8325 1.3436932182742 0.755825018674141 1.05691356463013 0.963858684216237 0.066502898282843 0.639821554365318 1.23913861012003 -0.476443400665022 -1.08214067789207 1.2321473662955
0.835 1.33673977242965 0.766645490909939 1.06688107255483 0.986229564842706 0.0244827287093241 0.599783140691958 1.2242230943523 -0.416287601633701 -1.09302788952846 1.28123218214406
0.8375 1.32948352393026 0.777163413153635 1.07673506362719 1.00795096883421 -0.0175680882350059 0.559103149060469 1.20685414426024 -0.35364144297084 -1.10056920462445 1.3242653250213
0.84 1.32192758147879 0.787366845043594 1.08644613677801 1.02901540775447 -0.0595903667005001 0.517816805804949 1.18706554662428 -0.288700485081547 -1.10475443965463 1.36107403041992
0.8425 1.31407562851537 0.797243341293147 1.09598230438054 1.0494170792902 -0.101522021898482 0.475956507918968 1.16489376569793 -0.221679338853186 -1.10558399381997 1.39151820677726
0.845 1.30593192223829 0.806779974868267 1.10530904746053 1.06915187504903 -0.143298164031012 0.433551760755103 1.14037779970695 -0.152811255221653 -1.10306880049683 1.41549119559336
0.8475 1.29750128956004 0.81596336625668 1.11438939468201 1.088217377729 -0.184851219195517 0.390629147056336 1.11355904743521 -0.0823475693020381 -1.09723023744543 1.4329203268349
0.85 1.28878911995297 0.824779718868155 1.12318402533728 1.10661284748151 -0.226111077455782 0.347212327990792 1.08448118573675 -0.010556997977779 -1.08809999590892 1.44376726437364
0.8525 1.27980135516238 0.833214860550617 1.13165139636133 1.1243391973785 -0.267005268034637 0.30332207657388 1.05319005865916 0.0622752089271905 -1.07571990892985 1.44802813791369
0.855 1.27054447578945 0.841254291150358 1.13974789317669 1.141398957986 -0.307459161341887 0.258976343567201 1.0197335786901 0.135848262492421 -1.06014173947417 1.44573345899936
0.8575 1.26102548477138 0.848883235987179 1.14742800395771 1.15779623113943 -0.347396197305469 0.214190355640348 0.984161640477062 0.209846970890901 -1.04142692911504 1.43694782096196
0.86 1.25125188781087 0.856086705057638 1.15464451668425 1.17353663311001 -0.386738139226683 0.168976745277882 0.94652604718567 0.283943013940002 -1.01964630830427 1.42176938364104
0.8625 1.24123167083284 0.862849557722125 1.16134873813624 1.18862722744585 -0.425405352134307 0.123345711606374 0.906880449491952 0.35779635075294 -0.994879769443803 1.40032914554056
0.865 1.23097327457064 0.869156572574704 1.16749073376495 1.20307644786469 -0.463317104369297 0.0773052110139203 0.865280297021248 0.431056753943558 -0.967215904203014 1.37279000810368
0.8675 1.22048556640902 0.874992522139258 1.17301958716561 1.21689401166687 -0.500391890894214 0.0308611761358758 0.821782801875385 0.503365462600555 -0.936751606716273 1.33934563759296
0.87 1.20977780963457 0.88034225198183 1.17788367767171 1.23009082422623 -0.536547776592123 -0.0159822385093077 0.776446913713315 0.574356945031114 -0.903591644514965 1.30021913245261
0.8725 1.19885963026772 0.885190763777966 1.18203097439586 1.24267887520186 -0.571702757600109 -0.0632223862289204 0.729333305687062 0.643660761126269 -0.867848199231267 1.25566150491464
0.875 1.18774098167181 0.889523301825566 1.18540934485718 1.25467112719542 -0.605775138515547 -0.11085783546854 0.680504370371947 0.710903513109111 -0.829640379294181 1.20594998750675
0.8775 1.1764321071555 0.893325442448994 1.1879668761639 1.26608139765406 -0.638683923121302 -0.158888057235292 0.630024224681929 0.775710872411014 -0.789093707010915 1.15138617617481
0.88 1.16494350080364 0.896583185699386 1.18965220656213 1.2769242348893 -0.670349216100061 -0.207313095366456 0.577958722619882 0.837709669503861 -0.746339582563582 1.09229402332342
0.8825 1.15328586678885 0.899283048719692 1.19041486502158 1.28721478914546 -0.700692633051612 -0.256133222584069 0.524375474582374 0.896530032673581 -0.701514727638614 1.02901769502341
0.885 1.14147007743128 0.901412160111538 1.19020561640633 1.29696867970668 -0.729637715990529 -0.305348585457173 0.469343871829844 0.95180756101835 -0.65476061145907 0.961919307846867
0.8875 1.12950713028729 0.902958354614549 1.18897680967585 1.30620185907913 -0.757110351387949 -0.354958841547926 0.412935114625778 1.00318551632827 -0.606222862180099 0.891376561810945
0.89 1.11740810455844 0.903910267388371 1.18668272647968 1.31493047532408 -0.783039187730958 -0.404962792143976 0.355222242474985 1.05031701804458 -0.556050666615655 0.817780286605038
0.8925 1.1051841171207 0.904257427172734 1.18327992744945 1.32317073364658 -0.807356049508265 -0.455358014074246 0.296280164818297 1.09286722513114 -0.504396161405429 0.741531918990583
0.895 1.09284627847983 0.903990347592392 1.17872759345522 1.33093875836477 -0.829996344492006 -0.506140494169446 0.236185690497803 1.13051548848522 -0.451413818719833 0.663040930033788
0.8975 1.08040564896195 0.903100615871711 1.1729878590807 1.33825045639428 -0.850899461173769 -0.557304269959211 0.175017554279356 1.16295745744405 -0.397259829674196 0.582722220842501
0.9 1.06787319544934 0.901580978227925 1.16602613558333 1.34512138338193 -0.8700091532289 -0.608841080194306 0.112856438709073 1.18990712401198 -0.34209148861107 0.500993506031541
0.9025 1.05525974896892 0.899425421223123 1.15781142064211 1.35156661361216 -0.887273907927055 -0.660740028745312 0.0497849895956097 1.21109878866084 -0.286066581374814 0.418272704115545
0.905 1.04257596343673 0.896629248372632 1.14831659225712 1.35760061478775 -0.902647295478796 -0.712987265357135 -0.0141121765609397 1.22628893191024 -0.229342780728119 0.334975353833638
0.9075 1.02983227585348 0.893189151331572 1.13751868425087 1.36323712875524 -0.916088296408064 -0.765565686632651 -0.0787484748159125 1.23525797642125 -0.172077051919313 0.25151207533547
0.91 1.01703886823664 0.889103275012017 1.12539914093193 1.36848905920301 -0.92756160416721 -0.818454660478976 -0.144035365256204 1.23781192497937 -0.114425071408204 0.168286094628494
0.9125 1.0042056315614 0.884371276020061 1.11194404861478 1.37336836730791 -0.937037900365256 -0.871629777077269 -0.209882379164177 1.23378386054403 -0.0565406616022269 0.0856908491352878
0.915 0.991342131967521 0.878994373844965 1.09714434184678 1.37788597624518 -0.944494100159102 -0.925062629232732 -0.276197159219833 1.22303529546845 0.00142475562745324 0.00410769147730016
0.9175 0.978457579471501 0.872975394281189 1.08099598237041 1.3820516854051 -0.949913565560907 -0.978720624727904 -0.342885514960137 1.20545735804578 0.059322684042503 -0.076096292250433
0.92 0.965560799403295 0.866318804617984 1.06350010904731 1.38587409508094 -0.953286284640798 -1.03256683303962 -0.409851494572839 1.18097180571482 0.117008054282821 -0.154570334465435
0.9225 0.952660206764922 0.85903074019004 1.04466315718661 1.38936054230559 -0.954609014850809 -1.08655986849311 -0.476997473938958 1.14953185553416 0.174339698972162 -0.230981894298447
0.925 0.939763783684246 0.851119021945809 1.0244969459529 1.39251704842014 -0.953885388961179 -1.14065381161548 -0.544224263666064 1.11112282391959 0.23118079959502 -0.305018409184752
0.9275 0.926879060111605 0.842593164757144 1.0030187327764 1.39534827885715 -0.951125982381824 -1.19479817012005 -0.611431234668914 1.06576256909638 0.287399303237436 -0.376388878343717
0.93 0.914013097879952 0.833464376264075 0.980251233947379 1.39785751551618 -0.946348340937035 -1.24893788060495 -0.678516462656404 1.01350173126135 0.342868307525051 -0.444825268359151
0.9325 0.901172478220896 0.823745546121426 0.956222610845952 1.40004664199876 -0.939576968468027 -1.30301335168743 -0.745376891682688 0.954423767039882 0.397466412292973 -0.510083732203051
0.935 0.888363292799979 0.813451225588552 0.930966421535123 1.40191614185752 -0.930843273952381 -1.35696054892354 -0.811908516708322 0.888644776465369 0.451078036781761 -0.571945635187526
0.9375 0.875591138304688 0.802597597479553 0.904521537726026 1.40346510989853 -0.920185478149501 -1.41071112148397 -0.878006584907069 0.816313122367617 0.503593701367754 -0.630218382569763
0.94 0.862861114588732 0.791202436567647 0.876932027407477 1.40469127646039 -0.907648480103113 -1.46419257017561 -0.943565815236666 0.737608843742893 0.554910273101753 -0.684736045472278
0.9425 0.850177826345933 0.779285060613541 0.848247003714312 1.40559104447737 -0.89328368415308 -1.51732845601843 -1.00848063558049 0.652742866343391 0.604931174575731 -0.735359783446062
0.945 0.837545388257265 0.766866272262868 0.818520440887677 1.40615953901985 -0.877148788425786 -1.57003864821153 -1.07264543655803 0.561956015380028 0.653566555871601 -0.781978063787641
0.9475 0.824967433525339 0.75396829213112 0.787810958452923 1.40639066889312 -0.859307536082449 -1.6222396099564 -1.13595484089583 0.465517836845994 0.700733429609743 -0.824506679302625
0.95 0.812447125682185 0.740614683465566 0.756181575003951 1.40627719976784 -0.839829430904266 -1.6738447202517 -1.19830398705689 0.363725235531355 0.746355769351217 -0.862888568103685
0.9525 0.799987173528913 0.726830268841417 0.723699433234633 1.40581083821182 -0.818789419079959 -1.72476462943623 -1.25958882564072 0.256900939287929 0.790364571841547 -0.897093440412635
0.955 0.787589849040019 0.712641039413528 0.6904354980952 1.40498232589573 -0.796267539331809 -1.77490764593975 -1.31970642689338 0.145391800517412 0.832697883809888 -0.927117219115561
0.9575 0.775257008040908 0.698074057304479 0.656464230172441 1.40378154315436 -0.77234854376798 -1.82418015140722 -1.37855529750856 0.0295669471641804 0.873300794278023 -0.952981302224346
0.96 0.762990113444986 0.683157351764295 0.621863236594385 1.40219762100297 -0.747121492079655 -1.87248704109369 -1.4360357047591 -0.0901842033031376 0.912125393510945 -0.974731656718148
0.9625 0.750790260816509 0.667919809785999 0.586712901941429 1.40021906063369 -0.720679321908572 -1.91973218618904 -1.49205000587544 -0.213454052362431 0.949130699952325 -0.992437754696802
0.965 0.738658206007701 0.652391061904009 0.551096001804291 1.39783385935276 -0.693118398392154 -1.96581891452402 -1.54650298048261 -0.339819035853045 0.984282556674419 -1.00619136382786
0.9675 0.726594394603259 0.636601363938626 0.515097301763535 1.39502964186474 -0.664538046047849 -2.01065050593648 -1.59930216382502 -0.468841930029387 1.01755349901053 -1.016105205049
0.97 0.714598992892903 0.620581475479443 0.478803144674357 1.39179379576601 -0.635040066283882 -2.05413069843799 -1.65035817844696 -0.60007423129016 1.04892259521387 -1.02231149156382
0.9725 0.702671920082639 0.604362535922819 0.442301029222585 1.38811361007704 -0.604728243919464 -2.09616420122117 -1.69958506195799 -0.733058592127861 1.07837526209414 -1.02496036378859
0.975 0.690812881448522 0.587975938893641 0.405679182773179 1.38397641562154 -0.573707846162646 -2.13665721048439 -1.74690058849817 -0.867331295505274 1.10590305769462 -1.02421823552553
0.9775 0.67902140213249 0.571453205889307 0.369026131560018 1.37936972605046 -0.542085117527889 -2.17551792402622 -1.79222658152573 -1.00242474969192 1.13150345317091 -1.02026606713307
0.98 0.667296861278749 0.554825859984057 0.332430271265686 1.37428137831064 -0.509966774178287 -2.21265705057606 -1.83548921558153 -1.13786998558461 1.15517958609187 -1.01329758168563
0.9825 0.655638526210811 0.538125300424597 0.295979441012264 1.36869967137075 -0.477459501148727 -2.24798830987956 -1.87661930474042 -1.27319913868675 1.17693999743558 -1.00351744028704
0.985 0.644045586353898 0.521382678933581 0.25976050372949 1.36261350204168 -0.444669455847614 -2.28142891964681 -1.91555257553665 -1.40794789823381 1.19679835458199 -0.991139392707091
0.9875 0.632517186614706 0.504628778515941 0.223858935785581 1.35601249676345 -0.411701781145957 -2.31290006559773 -1.95222992225093 -1.54165790642037 1.21477316261026 -0.976384419153747
0.99 0.621052459940541 0.487893895534874 0.188358428660029 1.34888713827672 -0.378660131245622 -2.34232735099918 -1.98659764256511 -1.67387909129413 1.23088746620123 -0.959478878961169
0.9925 0.609650558792307 0.471207725789546 0.153340505307521 1.34122888615216 -0.345646213374461 -2.36964122228218 -2.01860765173334 -1.80417191764462 1.24516854441387 -0.940652681139212
0.995 0.598310685280717 0.454599255285894 0.118884153710019 1.33303029021577 -0.312759348186722 -2.3947773675511 -2.04821767357355 -1.93210954109669 1.25764760055509 -0.920137491451755
0.9975 0.587032119732098 0.438096656345718 0.0850654799412794 1.32428509598135 -0.280096051554651 -2.41767708504877 -2.07539140675789 -2.05727985162777 1.26835944930253 -0.898164989733367
1 0.575814247469144 0.421727189648047 0.0519573828769731 1.31498834128185 -0.247749640223788 -2.43828761891771 -2.10009866507074 -2.17928739384681 1.27734220315359 -0.874965190308353
