"x" "basis_1" "basis_2" "basis_3" "basis_4" "basis_5" "basis_6" "basis_7" "basis_8" "basis_9" "basis_10"
0 -0.528976164500905 0.0201933190321004 -0.191752088398855 -0.170110492905752 -0.0873864988664828 0.192458033424967 0.786807827512735 0.232149656632046 0.39266853486987 -1.61456542742718
0.0025 -0.553624875966122 0.0145681681213958 -0.196094543593155 -0.171962651328883 -0.0924160292407816 0.193891271313757 0.78234284640745 0.222620388836325 0.39562718827267 -1.67873251689244
0.005 -0.57888932562193 0.00837245141434462 -0.200244713525979 -0.173463285834499 -0.0976342834669736 0.19486761981489 0.775084186545766 0.211505116637918 0.397735609928698 -1.74322399561533
0.0075 -0.604753575820637 0.00161269167737288 -0.204201817754599 -0.174613883282213 -0.103037613185228 0.195389657173128 0.765056346287455 0.198817087586098 0.399016103292823 -1.8078330887178
0.01 -0.631199806596946 -0.00569876843756383 -0.207968515538648 -0.175420777107432 -0.108621195146961 0.195466057260507 0.752318354453054 0.184586922311985 0.399505050398774 -1.87233677112295
0.0125 -0.658208350836116 -0.0135436910737586 -0.211550970332774 -0.175895226895985 -0.114379025331477 0.195111686711811 0.736964280514845 0.168862856094144 0.399253109216684 -1.93649630183755
0.015 -0.685757743723925 -0.021897976801569 -0.214958842853334 -0.176053401197143 -0.120303931329642 0.19434758121474 0.719123072288145 0.151710645580272 0.398325143664781 -2.00005800416729
0.0175 -0.713824786531256 -0.0307318128265662 -0.218205208801533 -0.175916258384238 -0.126387603813536 0.193200794494654 0.698957685596414 0.133213123346834 0.396799871746507 -2.06275429909629
0.02 -0.742384624535547 -0.0400099386426999 -0.221306399169758 -0.175509322850007 -0.13262064746136 0.191704116624697 0.676663487538864 0.113469391582346 0.394769223881976 -2.12430499387624
0.0225 -0.771410838614971 -0.0496920289675178 -0.224281763089268 -0.17486235655389 -0.138992651216303 0.189895661692521 0.652465933845815 0.0925936556037871 0.392337410795958 -2.18441882212793
0.025 -0.800875549775814 -0.0597331905751017 -0.227153355338551 -0.174008928840818 -0.145492277236888 0.187818328471994 0.626617540856761 0.0707137079459071 0.389619708094761 -2.24279522579501
0.0275 -0.830749535596548 -0.070084566329815 -0.229945552856101 -0.172985890437434 -0.152107367362468 0.185519141469381 0.599394193281775 0.0479690840732597 0.386740972649635 -2.29912636309242
0.03 -0.861002357302537 -0.0806940364289959 -0.232684606815922 -0.171832760503922 -0.15882506538705 0.183048483416612 0.571090849430346 0.0245089210140597 0.383833913878053 -2.35309932055063
0.0325 -0.891602495930436 -0.0915070037008081 -0.235398138950552 -0.170591038472993 -0.165631952926835 0.180459233839764 0.542016725290123 0.000489560052836185 0.38103715066177 -2.40439850139938
0.035 -0.922517495811502 -0.102467246891603 -0.23811459276627 -0.169303455036612 -0.172514196199892 0.177805831606088 0.512490056985759 -0.0239280563326132 0.378493091715164 -2.45270815719461
0.0375 -0.953714113405498 -0.11351782333021 -0.240862652010632 -0.168013178941715 -0.179457700629067 0.175143282219641 0.482832557026594 -0.0485811351890647 0.376345683412047 -2.49771502488917
0.04 -0.985158469359916 -0.124602000281459 -0.243670640151497 -0.16676299813179 -0.18644826984804 0.172526132972288 0.453363692692868 -0.0733078669194183 0.374738074162971 -2.53911102773673
0.0425 -1.01681620155992 -0.135664192792599 -0.246565915645378 -0.165594495136117 -0.193471765451179 0.170007440757634 0.424394924327737 -0.0979502730222108 0.37381024815639 -2.57659599559841
0.045 -1.04865261687766 -0.146650884971805 -0.249574278358701 -0.164547237392488 -0.200514263692119 0.16763775833231 0.39622404670608 -0.122356995869142 0.373696683473372 -2.60988035857611
0.0475 -1.08063283933019 -0.157511511473909 -0.252719402620453 -0.163658003341251 -0.207562205313361 0.165464164998793 0.369129777692759 -0.14638595818236 0.37452409008794 -2.63868776753766
0.05 -1.11272195241421 -0.168199276537341 -0.256022312006644 -0.162960064619245 -0.21460253478437 0.163529367049773 0.343366734882258 -0.169906821684444 0.376409282039073 -2.66275759598853
0.0525 -1.14488513350479 -0.178671889222937 -0.259500910082638 -0.162482543506935 -0.221622825439813 0.1618708918505 0.319160932790237 -0.192803178521223 0.37945723504641 -2.68184728004702
0.055 -1.17708777838023 -0.188892195527361 -0.263169579973713 -0.162249862961187 -0.228611387338247 0.160520397167306 0.296705920592503 -0.214974415398674 0.383759376134468 -2.69573445678536
0.0575 -1.20929561416414 -0.198828690730236 -0.267038863831628 -0.162281304145528 -0.235557355097801 0.1595031143358 0.276159663692099 -0.236337198816273 0.389392145519254 -2.70421886596733
0.06 -1.24147479925142 -0.208455898606824 -0.271115231067977 -0.162590683420157 -0.242450753495379 0.158837440188028 0.257642252027959 -0.256826540019839 0.396415863313123 -2.70712398599571
0.0625 -1.27359200909919 -0.217754607894883 -0.275400941702425 -0.163186157367267 -0.249282539224006 0.158534688439448 0.241234494655551 -0.276396410085188 0.4048739247358 -2.70429838155864
0.065 -1.30561450710827 -0.22671196052133 -0.279894008409517 -0.164070160716059 -0.256044617869276 0.158599006613922 0.226977434504779 -0.295019888424303 0.414792337803507 -2.69561674782181
0.0675 -1.33751020018412 -0.23532139043206 -0.284588257934964 -0.165239478121512 -0.262729835867619 0.159027459713941 0.214872790221046 -0.312688841599693 0.4261796072235 -2.68098064375441
0.07 -1.36924767893684 -0.243582416275679 -0.289473489593578 -0.166685446778427 -0.269331947922636 0.159810276895187 0.204884304564167 -0.329413143137355 0.439026957820167 -2.66031891509119
0.0725 -1.40079624284637 -0.251500295513512 -0.294535725660613 -0.168394282957868 -0.275845561055858 0.160931252553214 0.19693995194584 -0.345219458567998 0.453308880623192 -2.63358781525539
0.075 -1.43212591106989 -0.25908555160988 -0.299757545730776 -0.170347521876295 -0.282266057130221 0.162368288650017 0.190934932293151 -0.360149632716794 0.468983975143037 -2.60077083990543
0.0775 -1.46320741989176 -0.26635338965247 -0.30511849464201 -0.172522556980005 -0.288589496285294 0.164094060963051 0.186735355435875 -0.374258727860361 0.485996052685869 -2.5618782975909
0.08 -1.49401220810243 -0.273323018930443 -0.3105955514342 -0.174893261868587 -0.294812504240961 0.166076788377409 0.184182500461451 -0.387612771338799 0.504275458129401 -2.51694664482967
0.0825 -1.52451239183312 -0.280016903545632 -0.316163645111234 -0.177430675792079 -0.300932146843957 0.168281081490883 0.183097518657011 -0.400286279226904 0.523740561672266 -2.46603761873671
0.085 -1.55468073056092 -0.286459963961679 -0.321796201758042 -0.180103732017288 -0.306945795533757 0.17066884475842 0.183286437311268 -0.412359628442178 0.544299367890959 -2.40923720388145
0.0875 -1.58449058612823 -0.292678753447689 -0.327465706871869 -0.182880007422283 -0.312850987582722 0.173200205236209 0.184545315154539 -0.423916353006905 0.56585118712532 -2.34665447228268
0.09 -1.61391587669057 -0.298700633616922 -0.333144266619903 -0.185726471472404 -0.318645285013921 0.175834440728022 0.186665398758794 -0.435040441011903 0.588288313829676 -2.27842033626495
0.0925 -1.64293102751495 -0.30455297269971 -0.338804152130836 -0.188610213252831 -0.324326136019943 0.178530880786225 0.189438132779439 -0.445813707138637 0.61149765810096 -2.20468625332962
0.095 -1.67151092050209 -0.31026238885527 -0.344418311845109 -0.191499126453671 -0.329890742501585 0.181249755538998 0.19265988530709 -0.456313311487067 0.635362279974751 -2.12562292028903
0.0975 -1.69963084420046 -0.315854058782438 -0.349960838343615 -0.194362534065352 -0.335335937026959 0.183952969634197 0.196136262403813 -0.466609489142441 0.659762781201318 -2.04141899074974
0.1 -1.72726644592754 -0.321351109221953 -0.355407377889498 -0.197171736966855 -0.340658072092962 0.186604781609043 0.199685902588967 -0.47676354663057 0.684578515779151 -1.95227984581944
0.1025 -1.75439368741973 -0.326774105763699 -0.360735473076717 -0.199900473475667 -0.345852924069803 0.189172372589238 0.203143661917533 -0.486826171544711 0.709688588321931 -1.85842644276141
0.105 -1.780988805206 -0.332140649808281 -0.36592483139639 -0.202525280161637 -0.350915613645622 0.191626292247384 0.206363122564996 -0.496836090540715 0.7349726180216 -1.76009426055187
0.1075 -1.80702827665289 -0.337465090721969 -0.370957515114432 -0.205025747681891 -0.355840543984242 0.193940774252898 0.209218381638749 -0.506819099036157 0.760311255236634 -1.65753235501689
0.11 -1.8324887923674 -0.342758356311122 -0.37581805050397 -0.207384668940232 -0.360621357187626 0.196093917861753 0.211605101369815 -0.516787473753999 0.785586447194533 -1.55100252985895
0.1125 -1.85734723538319 -0.348027900869419 -0.380493457097522 -0.209588080383175 -0.36525090903808 0.198067736663503 0.213440826021616 -0.526739767179873 0.810681458650627 -1.44077862346148
0.115 -1.88158066730111 -0.353277766354537 -0.384973200124801 -0.211625200592665 -0.36972126140634 0.199848079672051 0.214664593926981 -0.536660971453048 0.83548066222128 -1.32714590535115
0.1175 -1.90516632131826 -0.358508748854049 -0.389249071598896 -0.213488273410832 -0.374023691168731 0.201424433776121 0.215235894260654 -0.546523028593624 0.859869121225126 -1.21040057059574
0.12 -1.92808160186715 -0.363718659510244 -0.393315007534085 -0.21517232553803 -0.378148713998101 0.202789619934242 0.215133036810459 -0.55628565459538 0.883731994967264 -1.0908493156111
0.1225 -1.9503040904056 -0.368902666576665 -0.397166850464574 -0.216674850803624 -0.382086120991986 0.203939398311128 0.214351018577706 -0.56589743708079 0.906953802267426 -0.968808974768535
0.125 -1.97181155675194 -0.374053703338857 -0.400802067741959 -0.217995435062528 -0.385825025788572 0.204871999735131 0.212898983128386 -0.575297160067564 0.92941758350069 -0.84460619424815
0.1275 -1.99258197525346 -0.379162925286744 -0.404219436994428 -0.219135336884153 -0.389353919601888 0.205587602366762 0.210797376987475 -0.584415305130717 0.951004004429415 -0.718577117446312
0.13 -2.0125935450083 -0.38422019919041 -0.407418710622788 -0.220097039861301 -0.392660731485609 0.206087773290822 0.208074911929666 -0.593175675824062 0.9715904465802 -0.591067055367419
0.1325 -2.03182471333384 -0.389214606594385 -0.410400271294866 -0.220883792484879 -0.395732891107671 0.206374894890676 0.204765442837683 -0.601497091678677 0.991050128912063 -0.462430115427931
0.135 -2.05025420168355 -0.394134944676297 -0.413164790101702 -0.221499151133702 -0.398557391381194 0.206451595368203 0.20090486807429 -0.609295099294708 1.00925130409851 -0.333028763176965
0.1375 -2.06786103325703 -0.398970208362014 -0.41571289839144 -0.221946540864979 -0.401120848442474 0.206320201696305 0.196528153359908 -0.61648365082483 1.02605657003758 -0.203233293364393
0.14 -2.08462456162123 -0.403710038984106 -0.418044883345677 -0.222228847420878 -0.403409556684497 0.205982231707876 0.191666571399645 -0.622976704325761 1.04132233335487 -0.0734211894537481
0.1425 -2.1005244997553 -0.408345126534912 -0.420160416160715 -0.222348052260745 -0.40540953683071 0.205437940024172 0.186345238434818 -0.628689705758822 1.05489845690867 0.0560236458988934
0.145 -2.11554094904625 -0.412867554612133 -0.422058320302859 -0.222304920567173 -0.407106575356553 0.204685930206317 0.180581016064494 -0.633540918587192 1.0666281177984 0.184711803149738
0.1475 -2.12965442788659 -0.417271079395021 -0.423736385781571 -0.222098750136636 -0.408486253920598 0.203722842975871 0.174380832640738 -0.637452573691777 1.0763478963784 0.312249430470071
0.15 -2.14284589965553 -0.421551336332512 -0.425191233788948 -0.221727186934519 -0.409533967839122 0.202543127695239 0.167740463849635 -0.640351819382886 1.08388811050828 0.438239455862853
0.1525 -2.1550967999947 -0.425705970587612 -0.426418234444439 -0.221186110944944 -0.410234933014655 0.201138901622367 0.160643797273538 -0.64217145842211 1.08907340289678 0.56228296764925
0.155 -2.16638906341251 -0.429734689587784 -0.427411478812392 -0.220469593848259 -0.410574181098207 0.199499898841093 0.153062591266516 -0.642850465888552 1.09172358314951 0.68398074991347
0.1575 -2.17670514936396 -0.433639238213044 -0.428163804871661 -0.219569928072946 -0.410536543016461 0.197613508295792 0.144956724782469 -0.642334288277749 1.09165472016031 0.80293496548375
0.16 -2.18602806805118 -0.437423299158195 -0.428666875747136 -0.218477724942639 -0.410106621320335 0.195464898085628 0.136274922198847 -0.640574930195264 1.08868047492009 0.918750975284985
0.1625 -2.19434140627197 -0.441092322792022 -0.4289113072911 -0.217182078010609 -0.409268752104178 0.193037221146399 0.126955925949832 -0.637530840315148 1.08261365876823 1.0310392796181
0.165 -2.20162935370507 -0.444653292378487 -0.428886841044288 -0.215670786266177 -0.408006957501134 0.190311895697218 0.116930080067963 -0.633166612817363 1.07326799765026 1.13941756400311
0.1675 -2.20787673006589 -0.448114431807858 -0.428582557724164 -0.213930630724753 -0.40630488997747 0.187268952370302 0.106121279640296 -0.627452524246118 1.06046007911586 1.24351282984897
0.17 -2.21306901358833 -0.45148486400893 -0.42798712567985 -0.211947696974967 -0.404145769827205 0.18388743877673 0.0944492347040382 -0.620363928674248 1.04401145558363 1.34296358820096
0.1725 -2.21719237129531 -0.454774228984652 -0.427089078215982 -0.209707735546801 -0.401512317409581 0.18014587138148 0.0818319922069257 -0.611880536209903 1.02375087483366 1.43742209344863
0.175 -2.22023369150755 -0.457992270950148 -0.425877113308266 -0.207196551467021 -0.398386681777634 0.176022723944701 0.0681886562118943 -0.601985601324537 0.999516606715063 1.52655659270292
0.1775 -2.22218061901363 -0.461148404376968 -0.424340408997486 -0.204400414062858 -0.394750367421126 0.171496941411416 0.0534422444050442 -0.590665048276885 0.971158833597111 1.61005356600163
0.18 -2.22302159328491 -0.4642512688863 -0.422468947638455 -0.201306477937981 -0.390584160894687 0.166548467966909 0.0375226180109849 -0.577906561139873 0.938542071183909 1.6876199321623
0.1825 -2.22274589006727 -0.467308282915315 -0.420253842176288 -0.197903206050609 -0.385868059126077 0.161158777988287 0.0203694222412713 -0.563698665704407 0.901547585759323 1.75898519512389
0.185 -2.2213436666235 -0.470325205929391 -0.417687657708985 -0.194180785950415 -0.380581201205117 0.155311398787743 0.00193497526245306 -0.548029829917717 0.860075773832865 1.82390350593466
0.1875 -2.21880601083486 -0.473305718693073 -0.414764721755249 -0.190131530456263 -0.374701805443035 0.148992414331497 -0.0178129547928305 -0.530887608569202 0.814048470320668 1.88215561603822
0.19 -2.21512499429948 -0.476251030762071 -0.411481416868328 -0.185750254364514 -0.36820711346784 0.142190939509226 -0.0388885431405271 -0.512257856777375 0.76341115191437 1.93355069825553
0.1925 -2.21029372949348 -0.479159523930172 -0.407836449512184 -0.181034619157167 -0.361073343086333 0.13489955501072 -0.0612855277512195 -0.492124035410213 0.708135003027471 1.97792801276568
0.195 -2.20430643098414 -0.482026439866156 -0.403831089439859 -0.175985438122373 -0.353275651595977 0.127114693426902 -0.0849751075694251 -0.470466630023578 0.648218812753002 2.01515839650759
0.1975 -2.19715848060773 -0.484843619606847 -0.399469374186305 -0.170606934807899 -0.344788111172213 0.118836967835099 -0.109904168776016 -0.447262703134302 0.583690672539732 2.04514555563863
0.2 -2.18884649644609 -0.487599301929702 -0.394758273711293 -0.164906948303698 -0.335583697885275 0.110071434853976 -0.135993884360208 -0.422485597703836 0.514609445872904 2.06782714220525
0.2025 -2.17936840535554 -0.490277986903076 -0.389707810708527 -0.158897079500911 -0.325634295814945 0.100827784974935 -0.163138727783561 -0.396104807550662 0.44106598312063 2.08317559780612
0.205 -2.16872351871906 -0.492860370093915 -0.384331132642002 -0.152592773211151 -0.314910717628052 0.0911204539027155 -0.191205936438988 -0.368086027994713 0.363184056924954 2.0911987488801
0.2075 -2.15691261100936 -0.495323351988714 -0.378644532189026 -0.146013331863279 -0.30338274286033 0.0809686496853938 -0.220035454857596 -0.338391397356053 0.281120996102754 2.09194014046037
0.21 -2.14393800066142 -0.497640126144756 -0.372667413466315 -0.139181857432678 -0.291019174997971 0.0703962915902287 -0.249440381139493 -0.306979936907905 0.195067999004748 2.08547909752393
0.2125 -2.12980363266474 -0.499780348426118 -0.366422202199197 -0.132125119309806 -0.277787918284094 0.05943185800021 -0.279207932816407 -0.273808193538297 0.105250110672961 2.07193050578102
0.215 -2.11451516219243 -0.501710388391411 -0.359934198863405 -0.124873346980298 -0.263656074978276 0.0481081420637686 -0.309100940296326 -0.238831085675847 0.0119258519828983 2.05144430668259
0.2175 -2.0980800384898 -0.503393662491623 -0.353231374782666 -0.117459947665283 -0.248590063575229 0.0364619154268264 -0.338859867208619 -0.202002948988409 -0.0846135068518414 2.02420470458748
0.22 -2.08050758815032 -0.504791047218522 -0.346344112195314 -0.109921150447253 -0.232555758241019 0.0245335020944334 -0.368205347438666 -0.163278774029995 -0.184045031386454 1.99042908749989
0.2225 -2.06180909681247 -0.505861368738061 -0.33930489039491 -0.102295579864287 -0.215518649454953 0.0123662662881282 -0.396841218546724 -0.122615623425851 -0.286015564727718 1.95036666641188
0.225 -2.04199788822002 -0.50656196387805 -0.332147921184042 -0.0946237634675724 -0.197444025556821 6.02004938302544e-06 -0.424458020783347 -0.0799742114477497 -0.390143518873446 1.9042968420912
0.2275 -2.02108939950311 -0.506849305652802 -0.32490873803173 -0.0869475793699281 -0.178297174596564 -0.0124996417528675 -0.450736920284127 -0.0353206240651133 -0.496021003157121 1.85252731195426
0.23 -1.99910125146138 -0.506679684844587 -0.317623744462219 -0.0793096513252475 -0.158043605574652 -0.0251020694714284 -0.475354004524915 0.0113718471188501 -0.60321627198021 1.79539193361284
0.2325 -1.97605331256723 -0.506009937572592 -0.310329728293268 -0.0717527003254402 -0.136649287852841 -0.037752338452324 -0.497984888063353 0.0601207880725779 -0.711276468774158 1.73324836530548
0.235 -1.95196775535943 -0.504798207319464 -0.303063349347493 -0.0643188630325224 -0.114080907214995 -0.0504020675440207 -0.518309557322814 0.110932697704148 -0.819730638079224 1.66647550705508
0.2375 -1.92686910387043 -0.503004728607432 -0.295860609144893 -0.0570489885303558 -0.0903061367754129 -0.0630042619175182 -0.536017375028065 0.163801013863205 -0.928092973028808 1.59547076956189
0.24 -1.90078427072612 -0.500592618474486 -0.288756311811475 -0.0499819258341005 -0.065293920674754 -0.0755141645972263 -0.550812158220391 0.218704171129844 -1.03586626139282 1.52064720067568
0.2425 -1.87374258257892 -0.497528661144168 -0.281783525975105 -0.0431538152915648 -0.0390147682799302 -0.0878901002517794 -0.562417238856512 0.275603733354571 -1.14254548990036 1.44243050158674
0.245 -1.84577579258545 -0.49378407085125 -0.274973057738009 -0.0365973974133937 -0.011441056420702 -0.100094294312943 -0.570580413100202 0.334442644714482 -1.24762156388032 1.36125596661238
0.2475 -1.81691807872089 -0.489335217711045 -0.268352944893626 -0.030341352748307 0.0174526629428827 -0.112093650414392 -0.575078684728444 0.395143642760104 -1.35058509745988 1.27756538149778
0.25 -1.7872060268327 -0.484164301820955 -0.26194798238176 -0.0244096861602022 0.0476893523175871 -0.123860469492414 -0.575722709729022 0.457607875473917 -1.45093022865292 1.19180391555172
0.2525 -1.75667859747858 -0.478259961463806 -0.255779288546202 -0.0188211682601356 0.0792891782728685 -0.135373094670628 -0.572360853182338 0.521713761764525 -1.54815841377252 1.10441704261744
0.255 -1.72537707576261 -0.471617802334531 -0.249863921079111 -0.0135888458067762 0.11226920375859 -0.146616467253747 -0.564882775851412 0.587316131095849 -1.64178215659512 1.01584752480523
0.2575 -1.69334500357989 -0.464240836109273 -0.244214550623594 -0.008719631636643 0.14664308580944 -0.15758258074944 -0.553222476388719 0.654245673181843 -1.73132862964165 0.926532491260712
0.26 -1.6606280938974 -0.456139818381305 -0.238839198884881 -0.00421398315424857 0.182420781199298 -0.168270821782116 -0.537360725475187 0.722308723003145 -1.81634314769748 0.836900641892833
0.2625 -1.62727412693424 -0.447333477949067 -0.233741046806579 -6.56766494546332e-05 0.219608262471495 -0.178688188997169 -0.517326840214921 0.791287399972093 -1.89639245717287 0.747369603176319
0.265 -1.59333282835143 -0.437848631596956 -0.228918316942433 0.0037383172298326 0.258207246604836 -0.188849383511088 -0.493199760332015 0.86094011310132 -1.97106780896754 0.658343459839616
0.2675 -1.55885572981452 -0.427720180788956 -0.22436423264295 0.00721785357381084 0.298214938390335 -0.198776767062213 -0.465108401730894 0.931002436715827 -2.03998778701524 0.570210482699046
0.27 -1.52389601254462 -0.416990989025596 -0.220067055129449 0.0103995276986266 0.339623790398145 -0.20850018667472 -0.433231277318358 1.0011883538563 -2.10280086946363 0.483341069085609
0.2725 -1.48850833471962 -0.405711640920573 -0.216010197996102 0.0133164849262812 0.382421281218926 -0.218056667280775 -0.397795389190016 1.07119185725546 -2.15918770431579 0.398085908486393
0.275 -1.45274864381995 -0.393940086263166 -0.212172417211356 0.0160081285478737 0.426589713476766 -0.227489976270788 -0.359074409903914 1.14068889087247 -2.20886308619249 0.314774382227626
0.2775 -1.41667397522783 -0.381741174380512 -0.208528073327874 0.0185197307068994 0.472106032940203 -0.236850066284532 -0.317386183195575 1.20933960865905 -2.2515776254911 0.233713202364882
0.28 -1.38034223858012 -0.369186085943642 -0.20504746139276 0.0209019525878628 0.518941669909572 -0.246192404653165 -0.273089585779435 1.27679092164867 -2.28711910548768 0.155185291620384
0.2825 -1.34381199353859 -0.356351670929095 -0.201697203006366 0.0232102817077174 0.56706240393776 -0.255577199703025 -0.226580801566516 1.34267929978463 -2.31531352678583 0.0794489031210318
0.285 -1.3071422167756 -0.343319702723676 -0.198440694128899 0.0255043952560787 0.616428252848691 -0.26506853560276 -0.178289067512399 1.40663379118802 -2.336025841853 0.00673697607950245
0.2875 -1.27039206207528 -0.330176059328732 -0.195238601589124 0.0278474593013234 0.666993386954274 -0.274733428557657 -0.128671956309228 1.46827921889046 -2.3491603851855 -0.0627432786962148
0.29 -1.23362061552043 -0.317009843282469 -0.192049400808223 0.0303053742738263 0.718706069332194 -0.284640817928561 -0.0782102652512884 1.52723951338748 -2.35466100690822 -0.128810571383685
0.2925 -1.19688664777471 -0.303912452289254 -0.188829947004359 0.0329459774679943 0.771508623010388 -0.294860506294655 -0.0274025829287702 1.58314113867796 -2.35251091937865 -0.191309513159006
0.295 -1.16024836547869 -0.290976612651511 -0.18553607207061 0.0358382133967389 0.825337425901498 -0.30546206261874 0.0232403938846028 1.6356165696363 -2.34273226766972 -0.250110394040763
0.2975 -1.12376316376148 -0.278295387481122 -0.182123199394795 0.0390512827202044 0.880122934334839 -0.316513702554711 0.073201721445623 1.68430777950645 -2.32538543577241 -0.305108769738986
0.3 -1.08748738182872 -0.265961171369556 -0.178546969083009 0.042653780196699 0.935789736034363 -0.328081159609967 0.121964178401804 1.72886969783974 -2.30056810105081 -0.356224869224794
0.3025 -1.05147606352752 -0.254064682769623 -0.174763866325535 0.0467128317133997 0.992256633380763 -0.340226560397448 0.169016275859816 1.76897360118822 -2.26841405004425 -0.403402835140486
0.305 -1.01578272471309 -0.242693964838264 -0.170731845969449 0.051293239993944 1.04943675776331 -0.353007316639926 0.213858243693649 1.80431040111136 -2.22909176922066 -0.4466098094971
0.3075 -0.980459129154189 -0.231933404957283 -0.166410946704465 0.0564566480929443 1.1072377157655 -0.366475045977018 0.25600793174219 1.83459379642766 -2.18280282487631 -0.485834877477706
0.31 -0.945555074618809 -0.221862782630152 -0.161763888598517 0.0622607293123578 1.16556176783032 -0.380674533020541 0.295006567553561 1.85956325897881 -2.12978004710094 -0.521087882542182
0.3125 -0.911118190680733 -0.212556354981245 -0.156756648015285 0.0687584117415052 1.22430603991053 -0.395642741544213 0.330424315016893 1.87898682438775 -2.07028553367922 -0.552398126589951
0.315 -0.877193749684157 -0.204081988681704 -0.151359004191904 0.0759971452518747 1.28336276842555 -0.411407888203764 0.361865580449688 1.89266366127437 -2.00460849098584 -0.579812969609218
0.3175 -0.843824492198984 -0.196500346803743 -0.145545051945468 0.0840182184786157 1.34261957861653 -0.42798858777514 0.388974014414993 1.90042639412855 -1.93306293037253 -0.603396344037808
0.32 -0.811050468194244 -0.189864138859993 -0.139293675113055 0.0928561330906716 1.40195979611937 -0.445393079568494 0.411437158748329 1.90214315651803 -1.85598524020818 -0.623227200041803
0.3225 -0.778908895051627 -0.184217442101167 -0.132588975423169 0.102538042476884 1.46126279126517 -0.463618544407589 0.428990689077026 1.89771935256939 -1.77373165555543 -0.63939789894125
0.325 -0.747434033434112 -0.17959510199789 -0.125420651564108 0.113083261832611 1.52040435527619 -0.482650521328006 0.441422203681285 1.88709910577892 -1.68667564936961 -0.652012573086412
0.3275 -0.716657081914785 -0.176022219685544 -0.117784323281496 0.124502856488527 1.57925710716103 -0.502462432904716 0.448574510100945 1.87026637528834 -1.59520527097101 -0.661185471522416
0.33 -0.686606091156395 -0.173513733962627 -0.109681795431475 0.136799315142455 1.63769092973722 -0.523015227823225 0.450348361697503 1.84724572092384 -1.49972045925991 -0.667039311673832
0.3325 -0.657305898310531 -0.172074105158508 -0.101121257068594 0.149966314396012 1.69557343283137 -0.544257148908486 0.446704597725592 1.81810269967433 -1.40063035956796 -0.669703657977017
0.335 -0.628778082174693 -0.171697107780418 -0.0921174108891377 0.163988580619543 1.75277044134117 -0.566123634272422 0.437665642633177 1.78294387801794 -1.29835067405438 -0.669313348756497
0.3375 -0.601040939503827 -0.172365738270597 -0.0826915287098593 0.178841854634244 1.8091465054978 -0.588537358488276 0.423316323560265 1.7419164467141 -1.19330107603494 -0.666006992632992
0.34 -0.574109482718647 -0.174052243417592 -0.0728714291628609 0.194492963977732 1.86456543035526 -0.611408419709924 0.403803969565102 1.69520742746478 -1.08590271846503 -0.659925555291195
0.3425 -0.547995459085551 -0.176718273945293 -0.0626913744472597 0.210900006585925 1.91889082126203 -0.63463467739828 0.379337762136891 1.64304246429877 -0.976575865926791 -0.651211056441176
0.345 -0.52270739126174 -0.180315166535198 -0.0521918838071597 0.228012648567272 1.97198664184817 -0.658102243781738 0.350187314146841 1.58568419667469 -0.865737677815573 -0.640005395303308
0.3475 -0.498250638905425 -0.184784356020717 -0.0414194624042295 0.245772537364631 2.02371778089406 -0.681686130362081 0.316680463556654 1.52343021614656 -0.753800168000527 -0.626449320862024
0.35 -0.474627480846112 -0.190057917739727 -0.0304262454134771 0.26411383000716 2.07395062433733 -0.70525104869807 0.279200278866412 1.45661061393602 -0.641168363031642 -0.610681560539535
0.3525 -0.451837217096572 -0.196059238069663 -0.0192695584749549 0.282963834373738 2.12255362862377 -0.728652362386866 0.238181285281876 1.38558513283971 -0.528238677069922 -0.592838117853579
0.355 -0.429876289769705 -0.202703809037312 -0.00801139705576601 0.302243759456577 2.16939789161559 -0.7517371846644 0.194104933673391 1.31073994343162 -0.415397517189275 -0.573051746101017
0.3575 -0.408738421744052 -0.209900140643827 0.00328217121811799 0.321869568574613 2.21435771733171 -0.774345613417924 0.147494348268823 1.23248407135712 -0.303020127670158 -0.551451601280884
0.36 -0.388414771705913 -0.21755078223371 0.0145416756522036 0.341752927395372 2.25731117090636 -0.796312092715868 0.098908403306143 1.15124550946301 -0.191469676514133 -0.528163073379415
0.3625 -0.36889410398892 -0.225553441930802 0.0256949758406152 0.361802236541136 2.29814062030662 -0.817466887287666 0.0489351931535358 1.06746705537125 -0.0810965818124581 -0.503307790969711
0.365 -0.350162971438623 -0.233802190933989 0.0366680506353386 0.38192373654348 2.3367332615395 -0.837637653808267 -0.00181502574306283 0.981601921666041 0.0277619300270853 -0.477003789890343
0.3675 -0.332205909355193 -0.242188737380587 0.0473858326690281 0.402022671033333 2.37298162429786 -0.856651090439763 -0.0527173297415641 0.894109171915038 0.134782047677997 -0.449365832745699
0.37 -0.315005638416696 -0.250603752613679 0.0577730771099864 0.422004492372786 2.4067840552312 -0.874334643931932 -0.10313995667561 0.805449041073915 0.239653398577061 -0.420505862192275
0.3725 -0.298543274362762 -0.258938231093488 0.0677552522484627 0.441776092506601 2.43804517627732 -0.890518251756658 -0.152452355260634 0.716078203247994 0.342078896258781 -0.390533567582617
0.375 -0.282798542127578 -0.267084863927124 0.0772594386544326 0.461247040685533 2.46667631574362 -0.905036095310109 -0.200033334182672 0.626445053134754 0.441774438798308 -0.359557041628811
0.3775 -0.267749992055079 -0.274939405101047 0.0862152230393494 0.480330808931204 2.49259591007789 -0.917728339213165 -0.245279184126977 0.536985069613779 0.538468489176153 -0.327683501401795
0.38 -0.253375215809883 -0.282402009021003 0.0945555726215108 0.498945965704691 2.51572987451079 -0.928442831214389 -0.287611642835359 0.448116330785766 0.63190157089585 -0.295020046283156
0.3825 -0.239651059616247 -0.289378517917629 0.102217675752181 0.517017318228558 2.53601194098223 -0.937036737175994 -0.326485572778925 0.360235249225426 0.721825713797953 -0.261674424467267
0.385 -0.226553832514319 -0.295781678073216 0.109143734814851 0.534476984304506 2.5533839619778 -0.943378086114483 -0.36139622326412 0.273712594277201 0.808003885675873 -0.227755779314048
0.3875 -0.214059507417551 -0.3015322646646 0.115281697962286 0.551265375264394 2.56779617909693 -0.947347201271677 -0.391885953750983 0.188889864902611 0.890209444998697 -0.193375347284979
0.39 -0.202143912885773 -0.306560096286181 0.120585917096778 0.567332072879399 2.57920745535157 -0.948837994693664 -0.417550302773448 0.10607607192679 0.96822564878826 -0.158647080332017
0.3925 -0.190782913692874 -0.31080492189186 0.125017720612605 0.582636584608744 2.58758547035155 -0.94775910476792 -0.438043296969358 0.0255449826154448 1.0418452475291 -0.123688167442657
0.395 -0.179952578463099 -0.314217164942103 0.128545890783954 0.597148963465448 2.5929068776728 -0.944034858573983 -0.453081907149958 -0.052467126554148 1.1108701959637 -0.0886194325040044
0.3975 -0.169629332872133 -0.316758511920878 0.13114703726857 0.610850280973838 2.59515742382789 -0.937606043692789 -0.462449572807159 -0.12776317113935 1.1751115048215 -0.0535655886961183
0.4 -0.159790097154179 -0.318402335048102 0.132805859974636 0.623732944147735 2.59433202836799 -0.928430477238516 -0.465998732675357 -0.200186385138283 1.2343892540552 -0.0186553331675582
0.4025 -0.150412406919518 -0.319133941902077 0.133515296469181 0.635800850079472 2.59043482474385 -0.916483363260858 -0.463652316594434 -0.269620853305575 1.28853278310895 0.0159787302929841
0.405 -0.141474516563788 -0.318950647724216 0.133276551151175 0.647069374544398 2.58347916164434 -0.901757433248728 -0.455404172599874 -0.335991440223017 1.33738106826083 0.0502003485843453
0.4075 -0.132955484835171 -0.317861669342779 0.132099005529418 0.657565193936298 2.57348756461704 -0.884262868174924 -0.441318422509889 -0.399263117354619 1.38078329128497 0.0838700601044689
0.41 -0.124835242413758 -0.315887842858938 0.13000001109109 0.667325942797425 2.56049165786164 -0.864027004282514 -0.421527758889243 -0.459439699782974 1.41859959771376 0.1168458178954
0.4125 -0.117094641643095 -0.313061170421727 0.127004568377238 0.676399712132631 2.54453204617534 -0.841093828551039 -0.396230715741777 -0.516562014664861 1.45070203699043 0.148983789321789
0.415 -0.109715488832249 -0.309424204512734 0.123144897952585 0.684844396540797 2.52565815712496 -0.815523273419017 -0.365687964212368 -0.570705533453633 1.47697567092488 0.180139321925207
0.4175 -0.102680559812395 -0.305029281102554 0.118459910925439 0.692726900899341 2.50392804362633 -0.787390323804416 -0.330217702568807 -0.621977509407356 1.49731983125251 0.210168060739364
0.42 -0.0959735996801037 -0.299937615766985 0.112994588497489 0.700122219842819 2.47940814723114 -0.756783952684839 -0.2901902263994 -0.670513670641834 1.51164950187864 0.238927198292881
0.4225 -0.0895793078855544 -0.294218279303273 0.106799281663574 0.707112405530827 2.45217302255773 -0.723805904406815 -0.246021779945143 -0.716474526811711 1.51989679670524 0.266276834868857
0.425 -0.083483310023659 -0.28794707151193 0.0999289436019463 0.713785441154909 2.42230502345825 -0.688569347427032 -0.198167802451591 -0.760041354241871 1.52201249990425 0.292081423423046
0.4275 -0.0776721178558122 -0.28120531356043 0.0924423084643755 0.720234039245591 2.38989395169209 -0.651197420291908 -0.147115694086317 -0.801411929839599 1.51796763222929 0.316211270963321
0.43 -0.0721330792266277 -0.274078580681742 0.0844010311657961 0.726554385072875 2.35503666907643 -0.611821696290527 -0.0933772340760807 -0.84079608826858 1.50775500453941 0.338544066232888
0.4325 -0.0668543196411543 -0.26665539785249 0.0758688033644649 0.732844846258305 2.31783667430831 -0.570580593332458 -0.0374807890840375 -0.878411179566226 1.49139071821561 0.358966402271694
0.435 -0.0618246773320878 -0.259025921522064 0.0669104611019085 0.739204670115322 2.27840364590058 -0.527617756183111 0.0200365476536942 -0.914477505571745 1.46891557163303 0.377375261888372
0.4375 -0.0570336336726297 -0.251280630415837 0.0575910995309749 0.745732690198408 2.23685295294234 -0.483080438222497 0.078636746338238 -0.949213813176502 1.44039633233211 0.393679434280674
0.44 -0.0524712407790536 -0.24350904791554 0.0479752098019683 0.752526063072675 2.19330513568228 -0.437117909381461 0.137788423004748 -0.982832920521048 1.40592683600966 0.407800831989832
0.4425 -0.0481280480987733 -0.235798517542633 0.0381258525110242 0.759679055427729 2.1478853582356 -0.389879915868161 0.196974083691565 -1.0155375488942 1.36562887589013 0.41967567904386
0.445 -0.0439950296967756 -0.228233051663402 0.0281038811600462 0.76728190037709 2.10072283602663 -0.341515215756828 0.255696908559474 -1.04751642832506 1.31965284938397 0.429255543491759
0.4475 -0.0400635138385344 -0.220892271736177 0.0179672278596995 0.775419740142538 2.05195024089431 -0.29217021251455 0.313486965332186 -1.07894073882456 1.26817813310259 0.436508190491147
0.45 -0.0363251163245986 -0.213850456280643 0.00777026205925167 0.784171670365937 2.00170308709848 -0.241987706144175 0.369906754722758 -1.10996094208511 1.21141316217155 0.44141823560671
0.4525 -0.0327716788652682 -0.207175710324675 -0.00243676855133338 0.793609899072023 1.95011910176331 -0.191105778888504 0.424556005539111 -1.14070405036979 1.14959519523133 0.443987581911986
0.455 -0.0293952135979378 -0.200929267440003 -0.0126082076072543 0.803799030883053 1.89733758357274 -0.139656829445456 0.477075653528874 -1.1712713705233 1.08298975239587 0.444235628750951
0.4575 -0.0261878546499466 -0.195164932683195 -0.0227033646292218 0.814795484522674 1.84349875378225 -0.0877667664636364 0.527150955298312 -1.20173675173364 1.01188971959287 0.442199244500763
0.46 -0.0231418174413837 -0.189928671883064 -0.0326867910445046 0.826647049005685 1.78874310382411 -0.0355543688025908 0.574513706388857 -1.23214535609172 0.936614118983046 0.437932500263398
0.4625 -0.020249366210445 -0.185258349828701 -0.0425284560814876 0.839392581255758 1.73321074395218 0.0168691832697852 0.61894355038883 -1.26251296135417 0.85750655138735 0.431506165985156
0.465 -0.01750279003354 -0.181183617078663 -0.0522038228600898 0.853061845282951 1.6770407574913 0.0694006050345364 0.660268383396583 -1.29282579582354 0.774933322701937 0.423006974963364
0.4675 -0.0148943874078293 -0.177725942389813 -0.0616938268338507 0.867675490541347 1.62037056532054 0.121944634676171 0.698363874873382 -1.32304089610341 0.689281272015287 0.412536666937703
0.47 -0.012416459269099 -0.174898785203622 -0.0709847604629415 0.883245164718982 1.56333530522648 0.174413996255948 0.733152141622775 -1.35308696982849 0.600955324454731 0.400210823913443
0.4725 -0.0100613101359655 -0.172707900268318 -0.0800680695841596 0.899773754024484 1.50606723071038 0.226729206287642 0.764599626062826 -1.38286573743988 0.51037579659437 0.386157516452494
0.475 -0.00782125690469395 -0.17115176434598 -0.0889400683744645 0.917255742054308 1.44869513372398 0.278818234410248 0.792714242941261 -1.41225371976973 0.417975486489952 0.370515781354702
0.4775 -0.00568864466902092 -0.170222113073124 -0.0976015810663502 0.935677676567971 1.39134379564342 0.330616030889682 0.817541870070012 -1.44110443168284 0.324196584039716 0.353433954410265
0.48 -0.00365586880712033 -0.169904574419706 -0.106057519660791 0.955018731974964 1.33413347057526 0.382063935635013 0.839162268475638 -1.46925093632497 0.229487440384561 0.33506788421647
0.4825 -0.00171540246352507 -0.170179383824876 -0.114316407796507 0.975251354045966 1.27717940482765 0.433108985082883 0.857684525580179 -1.49650870965711 0.134299237471263 0.315579054937712
0.485 0.000140171542820387 -0.171022164972034 -0.122389861677232 0.996341972297891 1.22059139607998 0.483703134692047 0.873242121684701 -1.52267876089654 0.0390826007250488 0.295132647345042
0.4875 0.00191812543263574 -0.172404759290572 -0.130292039538222 1.0182517646585 1.16447339545255 0.533802415908494 0.885987725191708 -1.54755095121446 -0.0557158009520293 0.273895568531187
0.49 0.00362554891357482 -0.174296086626392 -0.138039071556832 1.04093745838211 1.10892315532099 0.583366047321162 0.896087825743691 -1.57090745052644 -0.14965662289404 0.252034481381841
0.4925 0.00526931051839823 -0.17666301909876 -0.145648482385681 1.06435215075594 1.05403192534456 0.632355520337927 0.903717316832742 -1.59252627043474 -0.242311134882841 0.229713865204155
0.495 0.00685601902238405 -0.179471249952715 -0.153138618613779 1.08844613290311 0.999884198787352 0.680733680074755 0.909054140480684 -1.6121848103292 -0.333264388875622 0.207094138886373
0.4975 0.00839198614265177 -0.182686139226017 -0.160528093439827 1.11316769995458 0.946557510811845 0.728463822265104 0.912274106292869 -1.62966335333736 -0.422118219981948 0.184329877585593
0.5 0.00988319171928819 -0.186273518287063 -0.167835260666133 1.13846393103886 0.894122290016005 0.775508826849059 0.913545995492251 -1.64474844926766 -0.508494037640023 0.16156815319405
0.5025 0.0113352525568872 -0.190200435783139 -0.175077729779247 1.16428142293941 0.842641764068918 0.821830348471619 0.913027057334385 -1.65723612297115 -0.592035365708379 0.138947027692464
0.505 0.0127533960634606 -0.19443582829171 -0.182271933357795 1.19056696192027 0.792171919874541 0.867388083378315 0.910859000436193 -1.66693484873772 -0.672410092557006 0.116594226919085
0.5075 0.0141424397593581 -0.198951100022058 -0.189432757318072 1.2172681191468 0.742761518255134 0.912139131107278 0.907164574827211 -1.67366823453934 -0.749312395291982 0.0946260202063265
0.51 0.0155067776394481 -0.203720597303606 -0.196573243551648 1.24433375636168 0.694452162692292 0.956037467903193 0.902044831748574 -1.67727736424172 -0.822464306056275 0.0731463287125371
0.5125 0.0168503742549663 -0.208721965353217 -0.203704373304442 1.27171443004568 0.647278421189109 0.999033546881668 0.895577137176924 -1.67762275142789 -0.89161689299889 0.0522460820423466
0.515 0.0181767672352453 -0.213936376963287 -0.210834938175684 1.29936268422204 0.60126799981924 1.04107403762301 0.887814001573772 -1.67458586529541 -0.956551034057084 0.0320028388624938
0.5175 0.0194890787927925 -0.219348625312103 -0.217971503866757 1.32723322436793 0.556441966003735 1.08210171505216 0.87878277234931 -1.66807019725521 -1.01707776819923 0.0124806826407617
0.52 0.0207900365478439 -0.224947076068943 -0.225118469783469 1.3552829675771 0.512815019004636 1.12205550416552 0.868486216978558 -1.65800184637483 -1.07303821622739 -0.00626960161811111
0.5225 0.0220820037719243 -0.230723477330207 -0.232278225303421 1.38347096715767 0.470395804547161 1.16087068341607 0.85690400372696 -1.64432961261365 -1.12430307160123 -0.0242100696935737
0.525 0.0233670188871755 -0.236672629637725 -0.239451400991405 1.41175821321008 0.429187269885008 1.19847924541205 0.843995063796635 -1.62702459875841 -1.17077167091842 -0.0413148860789533
0.5275 0.0246468437741757 -0.242791922328311 -0.246637210326102 1.44010731435103 0.389187055015381 1.23481040909892 0.829700793810947 -1.60607933486752 -1.21237066350882 -0.0575693310561886
0.53 0.0259230201425447 -0.249080746650052 -0.253833874654993 1.46848206954334 0.350387915144364 1.26979127288517 0.813949031506702 -1.5815064525749 -1.2490523098454 -0.072968567726502
0.5325 0.0271969329145675 -0.255539800334534 -0.261039121203478 1.49684694285021 0.312778168916441 1.30334759337661 0.796658711050867 -1.55333695040348 -1.28079244885408 -0.0875161971961517
0.535 0.0284698792728213 -0.262170302491043 -0.268250741126271 1.52516645772322 0.276342166374537 1.33540466966452 0.777745078441292 -1.52161810484085 -1.307588184371 -0.101222637346203
0.5375 0.0297431417401516 -0.268973141625213 -0.275467191915069 1.55340453100996 0.241060770132188 1.36588830865338 0.757125323007045 -1.48641109481825 -1.32945535055681 -0.114103367413068
0.54 0.0310180634070232 -0.275947983105249 -0.282688226084968 1.58152377006873 0.206911842842122 1.39472584291375 0.734724459183826 -1.44778841885643 -1.34642582461287 -0.126177086672682
0.5425 0.0322961232102509 -0.28309236532367 -0.289915526075048 1.60948475904258 0.173870733761614 1.42184716920649 0.710481274625741 -1.40583119392896 -1.35854476221902 -0.137463840535635
0.545 0.0335790090110516 -0.290400815956971 -0.297153323834218 1.63724536231382 0.141910757068621 1.44718577334476 0.684354147413363 -1.36062643249285 -1.36586783630829 -0.147983171030703
0.5475 0.0348686861307819 -0.297864020949844 -0.304408982730045 1.66476007428859 0.1110036545966 1.47067970561955 0.656326527622724 -1.3122643986455 -1.36845856272719 -0.1577523506961
0.55 0.0361674589894019 -0.305468079010561 -0.311693519306712 1.69197944482732 0.0811200358480089 1.49227247076427 0.626411877666921 -1.26083614555477 -1.36638579667349 -0.166784759085423
0.5525 0.0374780235618209 -0.31319387340035 -0.319022043095932 1.71884960875074 0.0522297885297658 1.51191379748841 0.594657872227696 -1.20643133386358 -1.35972148132471 -0.175088459253479
0.555 0.0388035085249783 -0.321016590576544 -0.326414094189462 1.74531194586221 0.0243024534339596 1.52956025502975 0.561149672604402 -1.14913642450822 -1.34853872462773 -0.182665027621392
0.5575 0.0401475032142281 -0.328905411801502 -0.333893860617489 1.7713028948296 -0.00269244173770938 1.54517568796907 0.526012111953583 -1.08903332928419 -1.33291027180741 -0.189508684524032
0.56 0.0415140708378989 -0.336823399206542 -0.341490260710413 1.79675394010993 -0.0287850940479341 1.55873144566185 0.489410656860855 -1.02619858869981 -1.31290742988482 -0.195605764599365
0.5625 0.0429077458062479 -0.344727592108442 -0.349236879480782 1.82159178597118 -0.0540051858138828 1.57020638895214 0.451551046316965 -0.960703129492164 -1.2885994866313 -0.200934556176019
0.565 0.0443335145039324 -0.352569322777165 -0.357171752538362 1.84573872571709 -0.0783816959696544 1.57958666416068 0.412677550447378 -0.892612634145789 -1.2600536503131 -0.205465527235866
0.5675 0.0457967793583463 -0.36029475356012 -0.365336996000577 1.8691132076412 -0.101942762994776 1.58686524244458 0.373069836944823 -0.821988532508328 -1.22733551881464 -0.209161942734033
0.57 0.0473033066114934 -0.367845629536652 -0.373778286110279 1.89163059226104 -0.124715598681544 1.59204123122079 0.333038481474503 -0.748889601931957 -1.190510067886 -0.211980864509942
0.5725 0.0488591587696345 -0.375160232996628 -0.382544197626373 1.91320408827215 -0.146726450581991 1.59511897310401 0.292919207552582 -0.673374138186883 -1.14964312903987 -0.213874511205803
0.575 0.0504706132606015 -0.382174518319875 -0.391685415300738 1.93374584769639 -0.168000609583572 1.59610695638199 0.253065989600096 -0.595502635659052 -1.10480330877642 -0.214791942081561
0.5775 0.0521440693505533 -0.388823398596717 -0.40125383768157 1.95316819416832 -0.188562457762323 1.59501656907963 0.213843198061886 -0.515340893044247 -1.05606428310793 -0.214681015913449
0.58 0.0538859458379066 -0.395042148884031 -0.411301596879654 1.97138495248594 -0.208435550503624 1.59186073579905 0.175617005719402 -0.432963440858406 -1.0035073855368 -0.213490564843567
0.5825 0.0557025724315953 -0.400767885622565 -0.421880021605722 1.98831284270901 -0.227642725909994 1.58665248244405 0.138746307830184 -0.34845717047902 -0.947224393403804 -0.211172713589842
0.585 0.0576000780158546 -0.405941077698962 -0.433038573565793 2.00387289844311 -0.246206233772228 1.57940347836404 0.103573433941158 -0.261925031905667 -0.887320407467951 -0.207685267276602
0.5875 0.0595842791900643 -0.4105070421184 -0.444823789052244 2.01799186668157 -0.26414787589628 1.57012260816082 0.0704149449094182 -0.173489659587396 -0.823916713189974 -0.20299408664841
0.59 0.0616605725399759 -0.414417376398486 -0.457278258198411 2.03060354581367 -0.281489149375672 1.55881462623927 0.0395528139689219 -0.083296782948792 -0.757153509794234 -0.197075367811211
0.5925 0.063833834040789 -0.41763128067089 -0.470439673826386 2.04165001920937 -0.298251384487686 1.54547894607113 0.0112262851714657 0.00848171913075286 -0.687192394955775 -0.189917745045226
0.595 0.0661083288133312 -0.420116725080029 -0.48433998011372 2.05108274415343 -0.314455869270566 1.53010861308713 -0.0143753137606385 0.101645252678764 -0.614218498887076 -0.181524139629634
0.5975 0.0684876341574182 -0.421851422320353 -0.499004648486674 2.05886345975622 -0.330123953495062 1.51268950520362 -0.037118553726356 0.195962551582811 -0.538442171497827 -0.171913284882725
0.6 0.0709745783818353 -0.422823570907777 -0.514452104314525 2.06496488268031 -0.34527712565218 1.49319979839363 -0.0569304672047476 0.291170431203598 -0.460100139825617 -0.161120867497841
0.6025 0.0735711974533517 -0.423032341824808 -0.530693323273799 2.06937116589991 -0.359937057705929 1.47160972666876 -0.0738015214233427 0.386973333057543 -0.379456069568454 -0.149200237379044
0.605 0.0762787109165625 -0.422488089247921 -0.547731610850962 2.07207810301445 -0.374125613660868 1.44788165664557 -0.0877868816959052 0.483043716154133 -0.2968004836618 -0.136222652080033
0.6075 0.0790975179141408 -0.421212274852645 -0.56556257256464 2.07309306859111 -0.387864819420378 1.42197048687798 -0.0990058997835404 0.579023323542452 -0.212450011699808 -0.122277037114768
0.61 0.0820272134869085 -0.419237104362991 -0.584174276337536 2.07243469331042 -0.401176792907347 1.3938243717191 -0.107639819423459 0.674525324413912 -0.126745965791452 -0.107469259233145
0.6125 0.085066624679797 -0.416604884221273 -0.603547602267862 2.07013228102362 -0.414083634928967 1.36338575902598 -0.113927748691537 0.769137303797096 -0.0400522603491946 -0.0919209256620715
0.615 0.0882138653475797 -0.413367115160105 -0.623656769069948 2.06622498288847 -0.426607282735007 1.33059272092253 -0.11816100448625 0.862425044526647 0.0472472854972302 -0.0757677377007357
0.6175 0.0914664079662483 -0.40958334773697 -0.644470020892085 2.06076075124147 -0.438769329592436 1.29538054745675 -0.120675986117576 0.953937020772015 0.134752204462429 -0.0591574413524431
0.62 0.094821170232882 -0.405319832252259 -0.665950453272164 2.05379510252415 -0.450590814929877 1.25768356465538 -0.121845780942752 1.04320949987337 0.222049120715764 -0.042247430401703
0.6225 0.0982746137964133 -0.400648001666479 -0.688056952825682 2.04538972418677 -0.462091990653783 1.2174371314729 -0.122070743660333 1.12977213032005 0.308715881864651 -0.0252020680463616
0.625 0.101822852117629 -0.395642830967082 -0.710745222006142 2.03561096486748 -0.473292070071308 1.17457976467133 -0.121768321042556 1.21315387901824 0.394325981130291 -0.00818980154209524
0.6275 0.105461764218831 -0.390381119773667 -0.733968858027756 2.02452825016738 -0.484208966450434 1.12905533690762 -0.121362414699841 1.29288917095093 0.47845315959271 0.0086198499204169
0.63 0.109187110956962 -0.384939746738095 -0.757680453843109 2.01221246794295 -0.494859028593144 1.08081529132818 -0.121272585469053 1.36852407915959 0.560676074184507 0.0250593508363413
0.6325 0.112994650439654 -0.37939394447998 -0.781832688934236 1.99873436720775 -0.505256780889237 1.02982081579404 -0.121903404110621 1.43962241271025 0.640582916687779 0.0409661649325658
0.635 0.116880249298207 -0.373815642443857 -0.806379378572247 1.98416301351479 -0.515414675163428 0.976044921429207 -0.123634244478541 1.50577155480393 0.717775872221196 0.0561856494187197
0.6375 0.120839986727918 -0.368271922270297 -0.831276452062812 1.96856434116982 -0.525342861241736 0.919474373392314 -0.126809797798684 1.56658791213319 0.791875312357075 0.0705737515651242
0.64 0.124870248494073 -0.362823626183806 -0.85648283322436 1.95199983893504 -0.535048982566911 0.860111426451621 -0.131731561061354 1.62172184953478 0.862523627733944 0.0839994383055286
0.6425 0.128967808468433 -0.3575241536961 -0.881961199821536 1.9345254011853 -0.544538002416051 0.797975323892783 -0.138650519925148 1.67086200036459 0.929388617388874 0.0963467985733687
0.645 0.133129895691098 -0.352418475812967 -0.907678602757136 1.91619037096502 -0.553812065348235 0.733103525272696 -0.147761208248138 1.71373886217877 0.992166366524601 0.107516768638002
0.6475 0.137354245430366 -0.347542389141487 -0.933606930360381 1.89703679526666 -0.562870397472985 0.665552636294071 -0.159197283810591 1.75012760854628 1.05058356050748 0.117428442449593
0.65 0.141639133221724 -0.342922025055811 -0.959723207940015 1.87709890632331 -0.571709248017811 0.595399022353018 -0.173028714434311 1.77985007040412 1.10439919999998 0.126019941504337
0.6525 0.145983391389906 -0.338573621626399 -0.986009727741126 1.85640283598872 -0.580321873522419 0.522739095839382 -0.189260621986517 1.8027758635836 1.15340569970857 0.133248831602187
0.655 0.150386408079153 -0.334503558573912 -1.01245400940414 1.83496656357161 -0.588698564834345 0.447689275795441 -0.207833785084427 1.81882266227943 1.19742937073391 0.139092086714152
0.6575 0.154848109321262 -0.330708648284559 -1.03904859583183 1.81280009098669 -0.596826715958901 0.370385626823247 -0.228626755999158 1.82795564065536 1.23633030345089 0.143545612622418
0.66 0.159368925145497 -0.327176669108774 -1.06579069389818 1.78990583295475 -0.604690932756406 0.290983191959934 -0.251459504484689 1.83018612588862 1.27000168375379 0.14662335472883
0.6625 0.163949741166816 -0.323887120927088 -1.09268167356889 1.76627920438028 -0.612273178508238 0.209655041422392 -0.276098462075445 1.82556952523448 1.2983685899939 0.148356025146369
0.665 0.168591837469295 -0.320812177448685 -1.11972644265232 1.74190938208571 -0.619552952513657 0.126591065496042 -0.302262805698872 1.81420260669737 1.3213863306635 0.148789493662187
0.6675 0.173296816921724 -0.317917805026028 -1.14693271748297 1.71678021389235 -0.626507497150307 0.0419965452732986 -0.329631789969325 1.79622022726978 1.33903839357002 0.147982895164658
0.67 0.178066525315847 -0.315165014014275 -1.17431021229745 1.69087124469177 -0.633112028247654 -0.0439094606680562 -0.35785291383546 1.7717916141663 1.3513340856888 0.146006512526298
0.6725 0.182902965900059 -0.312511205942025 -1.20186977185183 1.66415882670573 -0.639339983195335 -0.13089587229295 -0.386550689758983 1.74111631283582 1.35830594892533 0.142939498609652
0.675 0.187808210989824 -0.309911578031102 -1.22962247292232 1.63661727962452 -0.645163280943912 -0.218721443396972 -0.415335772563044 1.7044199206629 1.36000704057642 0.138867503939546
0.6775 0.19278431336963 -0.307320545924363 -1.25757872071881 1.60822006575785 -0.650552587956948 -0.307136671802074 -0.443814200616919 1.66194972712078 1.35650816831359 0.133880277637738
0.68 0.197833220160451 -0.304693145845512 -1.28574736592695 1.57894094572217 -0.655477584240292 -0.395885720387917 -0.471596504076391 1.61397037974019 1.34789516805442 0.128069308469654
0.6825 0.202956691713872 -0.301986378795159 -1.31413486710034 1.54875508149699 -0.659907223801652 -0.484708306318737 -0.498306443314386 1.56075969070385 1.33426630920903 0.121525570333474
0.685 0.208156227912704 -0.299160461732741 -1.34274452148341 1.51764005586549 -0.663809984274293 -0.573341518354258 -0.523589155131507 1.50260469133068 1.31572990562068 0.114337432343291
0.6875 0.213433004013631 -0.296179953932861 -1.3715757851078 1.48557678024381 -0.667154100960644 -0.661521525680677 -0.547118504403361 1.43979803140218 1.29240220224943 0.106588787931243
0.69 0.218787817866688 -0.293014730745839 -1.40062370023187 1.45255026661757 -0.669907781200887 -0.748985146159023 -0.568603463921273 1.37263480749998 1.26440559749162 0.0983574502751333
0.6925 0.224221049997312 -0.289640781724541 -1.42987844496039 1.41855024363983 -0.672039395729979 -0.835471247140198 -0.587793374636596 1.30140988961645 1.23186724927814 0.0897138530658195
0.695 0.229732637648717 -0.286040815374292 -1.45932501627655 1.38357160178616 -0.673517644533468 -0.920721957892252 -0.604481971520781 1.22641579868178 1.19491810005354 0.0807200863450917
0.6975 0.235322063465883 -0.282204658495027 -1.48894305383975 1.34761465767638 -0.67431169562487 -1.00448367906485 -0.618510095904828 1.147941169767 1.1536923417766 0.0714292871731418
0.7 0.240988359068769 -0.278129444057831 -1.51870680785518 1.31068523311624 -0.674391296119252 -1.08650788129695 -0.62976705248837 1.06626981707999 1.10832732757173 0.0618853944537188
0.7025 0.246730123323751 -0.273819587624453 -1.54858525022 1.27279454993373 -0.673726855942676 -1.16655169187197 -0.638190607167567 0.981680397982876 1.05896392202446 0.0521232666679515
0.705 0.252545554690656 -0.269286558307701 -1.57854232410846 1.23395894712806 -0.672289505467018 -1.24437827504154 -0.643765659360579 0.894446654666251 1.00574726775141 0.0421691508485267
0.7075 0.258432496610955 -0.26454845601135 -1.60853732329357 1.19419943205832 -0.670051129266931 -1.31975701808528 -0.646521658543822 0.804838194354885 0.948827932220485 0.0320414811301775
0.71 0.264388494521939 -0.25962941201641 -1.63852538892277 1.1535410822249 -0.66698437903347 -1.39246354115745 -0.64652886822697 0.713121752499293 0.888363386233123 0.021751975966726
0.7125 0.270410862743394 -0.254558834743735 -1.66845810827571 1.11201231849962 -0.663062669421816 -1.46227955432307 -0.643893610640205 0.61956286880837 0.824519754387303 0.0113069948428242
0.715 0.276496759196851 -0.249370526586421 -1.69828419732148 1.0696440743192 -0.658260161237354 -1.5289925897491 -0.638752651145004 0.52442789361814 0.757473768533689 0.000709108266759202
0.7175 0.282643265690848 -0.244101700958881 -1.72795024673625 1.0264688882688 -0.652551736855681 -1.59239564066478 -0.631266902117824 0.427986232312227 0.687414847991842 -0.0100411707712563
0.72 0.288847471344833 -0.238791931069075 -1.75740150949552 0.982519949573254 -0.645912973114868 -1.65228674134269 -0.621614641273106 0.330512728570835 0.614547225295342 -0.0209435497540661
0.7225 0.295106556632926 -0.233482063335019 -1.78658270725251 0.937830127234579 -0.63832011710288 -1.7084685239184 -0.609984448766017 0.232290083287774 0.539092033617449 -0.0319960722823163
0.725 0.301417875508048 -0.228213128817581 -1.81543883246708 0.892431013890152 -0.629750070286541 -1.76074778833697 -0.596568070826752 0.133611205102849 0.46128927181876 -0.0431932453951076
0.7275 0.307779033115745 -0.223025285544279 -1.84391592364717 0.846352014928388 -0.620180386291729 -1.8089351211048 -0.581553415220275 0.0347813906126746 0.3813995652193 -0.0545242366310094
0.73 0.314187956721981 -0.217956823199952 -1.87196179207549 0.799619512031676 -0.609589287356244 -1.85284459688774 -0.565117875786691 -0.0638797627200677 0.299705644607719 -0.0659711963692154
0.7325 0.32064295765443 -0.213043259438134 -1.89952667996251 0.752256128189877 -0.597955704046472 -1.89229359441147 -0.547422170180289 -0.162036800381336 0.216513472451286 -0.0775077570538803
0.735 0.327142782285345 -0.208316554121236 -1.92656383202753 0.704280118432482 -0.585259342275418 -1.92710275470578 -0.528604857305703 -0.25933729092502 0.132152953531984 -0.0890977556939684
0.7375 0.333686650356706 -0.203804464251161 -1.95302996497622 0.655704907175535 -0.571480780999288 -1.95709610562028 -0.508777679609904 -0.355411210253333 0.0469781769705062 -0.100694219780858
0.74 0.340274279255767 -0.199530058336174 -1.97888562212818 0.606538789290127 -0.556601603225803 -1.98210137187725 -0.488021851139066 -0.449870884710706 -0.0386328524907158 -0.112238649687497
0.7425 0.346905893181063 -0.195511404594726 -2.00409540345516 0.556784807900329 -0.540604562161219 -2.00195048487273 -0.466385385979235 -0.542311533416912 -0.124279024367061 -0.123660622981281
0.745 0.35358221648529 -0.191761442860016 -2.02862806442662 0.506440817635838 -0.523473783477224 -2.01648030114286 -0.443881534215837 -0.63231243544574 -0.209537491716229 -0.134877738092317
0.7475 0.360304450833114 -0.18828804544955 -2.05245648023674 0.455499737715777 -0.505195003815007 -2.02553353302907 -0.420488364669776 -0.719438732462309 -0.293965605763549 -0.145795906704833
0.75 0.367074236159911 -0.185094267720009 -2.07555747512397 0.403949994934797 -0.485755844781008 -2.02895988973133 -0.396149506122151 -0.803243862631506 -0.377103409650777 -0.156309996246834
0.7525 0.373893595754861 -0.182178784637712 -2.09791151952604 0.351776152450012 -0.465146120844535 -2.02661742175086 -0.37077603213452 -0.883272607329832 -0.458476673358209 -0.166304816138828
0.755 0.380764866112315 -0.179536505539931 -2.11950230068221 0.298959716304611 -0.443358178735278 -2.01837405678076 -0.344249449395109 -0.959064718686865 -0.537600440741922 -0.175656434159924
0.7575 0.387690612495098 -0.177159355400364 -2.14031617496304 0.245480107923363 -0.420387265169923 -2.00410931047975 -0.31642572613554 -1.03015908344051 -0.613983049293758 -0.18423380249319
0.76 0.394673531428733 -0.175037207383653 -2.16034151264634 0.191315787418406 -0.396231919019516 -1.98371615129989 -0.287140275800418 -1.09609836714879 -0.687130573790572 -0.191900666804527
0.7625 0.401716341595493 -0.173158948299106 -2.17956794805421 0.136445509468077 -0.370894383368644 -1.95710299467216 -0.256213791935779 -1.15643407252891 -0.756551636506367 -0.198517726122946
0.765 0.408821664820272 -0.17151365575163 -2.19798554991169 0.0808496907905601 -0.344381032316336 -1.92419579838687 -0.223458813232401 -1.21073193662256 -0.821762519151534 -0.203945006322544
0.7675 0.415991899037148 -0.170091863334607 -2.2155839284873 0.0245118658242665 -0.316702806830362 -1.8849402279502 -0.188686882785806 -1.25857758361619 -0.88229250517614 -0.208044405685948
0.77 0.423229085295954 -0.168886888109377 -2.2323512975303 -0.0325797948524637 -0.287875653490754 -1.83930385804403 -0.151716152870876 -1.29958234345292 -0.937689375529302 -0.210682367307969
0.7725 0.430534771012951 -0.167896192861029 -2.24827351023681 -0.0904309305848015 -0.257920959548065 -1.78727837396765 -0.112379275813378 -1.33338914084531 -0.987524976384583 -0.211732629989269
0.775 0.437909871788597 -0.167122754208707 -2.26333308945677 -0.149039429839903 -0.226865977378585 -1.72888173509831 -0.070531412858736 -1.35967835493017 -1.0314007737263 -0.21107900674955
0.7775 0.445354534207592 -0.166576406587453 -2.27750827309016 -0.208393892286603 -0.194744231145827 -1.66416026098362 -0.0260581863181381 -1.37817354661647 -1.06895330707279 -0.208618138188127
0.78 0.452868002101071 -0.166275131422814 -2.29077209610638 -0.268472144247851 -0.161595898281636 -1.59319059970497 0.0211166041916821 -1.3886469487161 -1.09985945300847 -0.204262166647066
0.7825 0.460448488785218 -0.166246260519564 -2.30309153083229 -0.329239838381715 -0.127468158287037 -1.5160815376607 0.0710236827298694 -1.39092461330878 -1.12384140870213 -0.197941276540749
0.785 0.468093057791931 -0.166527562820933 -2.31442670706581 -0.390649168394492 -0.092415501332606 -1.43297560996321 0.123641596102822 -1.38489111159107 -1.14067130628258 -0.189606046386911
0.7875 0.475797514572025 -0.167168184313171 -2.32473023315261 -0.452637729074127 -0.0564999892201881 -1.34405047129194 0.178890788576272 -1.3704936838478 -1.15017537094369 -0.179229559072063
0.79 0.483556311575309 -0.168229412007871 -2.33394663837223 -0.515127550902007 -0.0197914614632302 -1.24951998835405 0.236628623243658 -1.3477457413262 -1.15223753908568 -0.166809218815786
0.7925 0.491362468991298 -0.169785234684691 -2.34201195578417 -0.578024336906773 0.0176323204369566 -1.14963501715212 0.296645510978088 -1.31672962785522 -1.14680245779462 -0.15236822625617
0.795 0.499207513265007 -0.171922675471689 -2.34885346304659 -0.641216927216965 0.0556855969877611 -1.04468383110005 0.358662293937116 -1.27759855718064 -1.1338777936238 -0.13595666714133
0.7975 0.507081435281711 -0.174741874417899 -2.35438959661609 -0.704577013914722 0.0942746088476457 -0.934992169715204 0.422329012512922 -1.23057765230314 -1.11353578706877 -0.117652175356816
0.8 0.514972669841043 -0.178355902995694 -2.35853005215022 -0.767959125269974 0.133297674244995 -0.820922882177458 0.487225162286124 -1.17596402566152 -1.08591399934224 -0.0975601374823015
0.8025 0.522868097714097 -0.182890296958768 -2.36117608086583 -0.831200894243032 0.172645349914992 -0.702875145482227 0.552861520940416 -1.11412585380222 -1.05121521007016 -0.0758134137400411
0.805 0.530753071199498 -0.188482299148208 -2.36222098807418 -0.894123621308415 0.212200678763631 -0.581283243201833 0.618683594394461 -1.0455004171082 -1.00970643823887 -0.0525715590490453
0.8075 0.538611463669636 -0.195279809625535 -2.3615508361571 -0.956533136228137 0.25183952630239 -0.456614897936954 0.684076696956079 -0.970591094046735 -0.96171707400028 -0.0280195378042658
0.81 0.546425743133099 -0.203440046828155 -2.3590453499297 -1.01822095747008 0.291431006612959 -0.329369158289885 0.748372642661213 -0.889963319942001 -0.907636125524285 -0.00236593682645938
0.8125 0.55417706934257 -0.213127930165196 -2.35457901773609 -1.078965741641 0.330837997219698 -0.200073849480364 0.810857984875531 -0.804239542086235 -0.847908602694724 0.0241593075548154
0.815 0.561845413460155 -0.224514201447139 -2.34802237685089 -1.13853500872421 0.369917740795062 -0.0692826053756166 0.870783699664182 -0.714093225586455 -0.783031077658074 0.0513076403670584
0.8175 0.569409698767483 -0.237773309587735 -2.33924346693389 -1.19668712224657 0.408522530130227 0.0624284914873813 0.927376166494087 -0.620241987129288 -0.713546480633908 0.0788150368356035
0.82 0.576847960390783 -0.253081089927915 -2.32810943054608 -1.25317349693613 0.446500471306322 0.194464626588731 0.979849258777278 -0.523439956176487 -0.640038207436469 0.106405517376336
0.8225 0.584137521517163 -0.270612276087231 -2.31448823523309 -1.30774100017184 0.483696318538217 0.326216283139039 1.02741731796124 -0.424469484295442 -0.563123632328094 0.133794965728921
0.825 0.591255183124505 -0.290537888220093 -2.29825048757046 -1.36013450778225 0.519952372774113 0.457063533360554 1.06930874972211 -0.324132342652504 -0.483447135537796 0.160695177003875
0.8275 0.598177423849927 -0.31302254671181 -2.27927130600146 -1.41009956973064 0.555109434859901 0.586380532973017 1.10477995073933 -0.223240564435043 -0.40167276846959 0.186818053639402
0.83 0.604880606296865 -0.338221764473588 -2.25743221642941 -1.45738513713298 0.589007802958486 0.713540154752244 1.13312925086946 -0.122607102422892 -0.318476690771195 0.211879860259421
0.8325 0.611341185843172 -0.366279273882754 -2.232623032493 -1.50174629907926 0.621488302986466 0.837918692629022 1.1537105395391 -0.0230364814786654 -0.234539521503316 0.235605443568729
0.835 0.617535917874942 -0.397324445889774 -2.20474368137056 -1.5429469760313 0.652393340129373 0.958900564985586 1.16594623790995 0.0746843691993417 -0.150538751249279 0.257732320987959
0.8375 0.623442059343436 -0.431469858735641 -2.17370593592722 -1.58076251628073 0.681567959047248 1.07588294474272 1.16933928069058 0.169794919039292 -0.0671413627497698 0.278014542001077
0.84 0.629037560632748 -0.468809071993962 -2.13943501510117 -1.61498214316446 0.708860900208901 1.18828024465601 1.16348378396809 0.261569294293318 0.0150031956715555 0.296226229278221
0.8425 0.634301243937651 -0.509414658220917 -2.10187101665927 -1.64541120349964 0.734125639907683 1.29552838900913 1.14807409839721 0.349323821896068 0.0952695471634775 0.312164712675168
0.845 0.639212964684287 -0.553336539366983 -2.06097014983444 -1.67187317201606 0.757221401919578 1.39708880762517 1.12291198046977 0.432423705175405 0.173062308880542 0.325653178160052
0.8475 0.643753752977038 -0.60060066833669 -2.01670573984929 -1.69421137238165 0.778014129463666 1.49245209475996 1.08791165799859 0.510288698537944 0.247821290784891 0.33654276548165
0.85 0.647905932614861 -0.651208087794532 -1.96906898185275 -1.71229038263196 0.796377407099431 1.58114128387082 1.04310261862772 0.582397673980545 0.319025881061406 0.344714062756761
0.8525 0.65165321587723 -0.705134388683188 -1.91806942823103 -1.72599710127142 0.81219332342631 1.66271469929102 0.988630011001657 0.648292002249829 0.386198551402176 0.35007796282019
0.855 0.654980773016941 -0.762329580177325 -1.86373520044413 -1.73524145980336 0.825353266901872 1.73676835722921 0.924752615724496 0.707577704951067 0.448907441094711 0.352575864710067
0.8575 0.657875276194752 -0.822718371226274 -1.80611292429423 -1.73995677771564 0.835758648729428 1.80293790095104 0.85183841561606 0.759926370010648 0.506768006640252 0.352179223615402
0.86 0.660324918425027 -0.886200851774867 -1.74526739562741 -1.74009976669705 0.843321548532927 1.86090006812091 0.77035786995061 0.805074860575951 0.559443752676713 0.348888473333415
0.8625 0.662319408946289 -0.95265354956347 -1.68128099165722 -1.73565020175583 0.847965280380852 1.91037370167623 0.680875073004463 0.84282388552837 0.606646089452739 0.342731366206552
0.865 0.663849947257431 -1.02193082649531 -1.61425285110786 -1.72661028759532 0.849624878584219 1.95112032883979 0.584037050862082 0.873035537054853 0.648133390956431 0.333760795885876
0.8675 0.664909178839264 -1.09386656734138 -1.54429785392417 -1.7130037586932 0.848247504507066 1.98294434547109 0.480561519393875 0.89562993582905 0.683709355083394 0.322052187366409
0.87 0.66549113628205 -1.1682761034523 -1.47154543809891 -1.69487476064959 0.843792777331422 2.00569285445617 0.371223487995311 0.91058115600698 0.713220791874437 0.307700555906753
0.8725 0.665591170133468 -1.244958305579 -1.39613829694794 -1.67228656813973 0.836233033241835 2.01925521676027 0.25684114547193 0.917912629105735 0.736554986864325 0.290817350807181
0.875 0.665205874239375 -1.32369777326014 -1.31823100465293 -1.64532020087341 0.825553518778803 2.02356238168964 0.138261503931801 0.917692246719289 0.753636803016167 0.271527211094793
0.8775 0.664333010647758 -1.4042670438658 -1.23798862085607 -1.61407300300951 0.811752525097739 2.01858606842459 0.0163463015229209 0.910027395800551 0.764425695702596 0.249964767156875
0.88 0.662971439262467 -1.48642874258972 -1.15558532633038 -1.57865725322931 0.794841470510755 2.00433787365986 -0.108041326505287 0.895060166002877 0.768912820023687 0.226271624901633
0.8825 0.661121057352043 -1.56993759568263 -1.07120314110957 -1.53919887193119 0.774844938946634 1.98086837996615 -0.234048908026017 0.872962965602446 0.7671184078735 0.200593666645044
0.885 0.658782753730163 -1.65454223315645 -0.985030773850358 -1.49583628864407 0.751800681811393 1.94826633609589 -0.360844952823915 0.843934770385676 0.759089583229002 0.173078795417612
0.8875 0.655958381924765 -1.73998671410738 -0.897262646586428 -1.44871952672533 0.725759590159534 1.90665797384505 -0.487627103728599 0.808198208438692 0.74489876802787 0.143875236674858
0.89 0.652650755947443 -1.8260117176422 -0.808098132459955 -1.39800955376525 0.696785643097436 1.85620651630964 -0.613627758786406 0.765997653228401 0.724642807885989 0.113130493591678
0.8925 0.648863671375824 -1.91235535496844 -0.717741035603123 -1.34387793502275 0.664955836959749 1.79711191962587 -0.738116885344536 0.717598458241253 0.698442917180162 0.0809910295797069
0.895 0.644601953390512 -1.99875357323359 -0.626399332285592 -1.2865068139282 0.630360098066698 1.72961087487661 -0.860401844522754 0.663287419706312 0.666445507406812 0.0476027248075759
0.8975 0.639871532193637 -2.08494013876462 -0.534285181017749 -1.22608922857127 0.59310117984283 1.65397707922167 -0.979824154983349 0.603374500778671 0.628823922198681 0.0131121231774926
0.9 0.634679544915197 -2.17064620595105 -0.441615196852176 -1.1628297566107 0.55329454283107 1.57052176603227 -1.09575324494132 0.538195792678828 0.5857810581634 -0.0223315467970073
0.9025 0.629034461729725 -2.25559949752406 -0.348610972066156 -1.09694546374419 0.511068213759874 1.47959446355112 -1.20757736712128 0.468117627508039 0.537552804284872 -0.0585736283432995
0.905 0.622946232508577 -2.33952314172069 -0.255499812202918 -1.0286671133818 0.466562617416091 1.38158393111231 -1.31469197854471 0.393541695990922 0.484412185655886 -0.095450656051877
0.9075 0.616426448976134 -2.42213423103793 -0.16251564360088 -0.958240578148248 0.419930372754705 1.27691920206846 -1.41648601088641 0.314910963545004 0.426674051577135 -0.132786458816829
0.91 0.609488516076632 -2.50314218519923 -0.0699000365742479 -0.885928377999314 0.371336042553226 1.16607064414162 -1.51232657279405 0.232716122281665 0.364700105473163 -0.170387897786606
0.9125 0.602147825148699 -2.58224701679013 0.0220967221475805 -0.812011255780186 0.320955824110712 1.04955093180337 -1.60154272806386 0.14750226724742 0.298904036480572 -0.208040419054153
0.915 0.594421920600491 -2.65913761101859 0.113214582752373 -0.736789689658654 0.268977167109922 0.927915812327699 -1.68340907818372 0.0598754447812297 0.22975648182813 -0.245503623798489
0.9175 0.586330651129335 -2.73349014052259 0.203182792732019 -0.660585233658374 0.215598303910721 0.801764538115766 -1.75712994009581 -0.0294913085492686 0.157789526884754 -0.282507075401654
0.92 0.577896296179046 -2.80496674148392 0.291719149069136 -0.583741573036829 0.161027677308784 0.671739833414648 -1.8218249463201 -0.119852834471704 0.0836004374732338 -0.318746572609199
0.9225 0.569143658309058 -2.87321457803502 0.378529527320965 -0.50662518092845 0.105483251247909 0.53852726417489 -1.87651690180031 -0.210388029146802 0.00785431787298201 -0.353881119251994
0.925 0.560100112486048 -2.93786541773931 0.463307769720708 -0.429625466797101 0.0491916911591258 0.402853885851974 -1.92012270791452 -0.300197713774714 -0.0687146013456725 -0.387530813851489
0.9275 0.550795604010871 -2.99853583163456 0.545736008010384 -0.353154315948612 -0.00761259746382004 0.265486055624056 -1.95144810806077 -0.388304557329344 -0.145303318537388 -0.419275866283758
0.93 0.541262587858582 -3.05482811799231 0.625485486911661 -0.277644932604074 -0.0646885809692765 0.127226312702109 -1.96918692130244 -0.473655364130058 -0.221042296989149 -0.448656923688624
0.9325 0.531535903619598 -3.10633202980529 0.702217941096245 -0.203549916609619 -0.121789865279275 -0.01109074712361 -1.97192531222106 -0.555125978983425 -0.294999772755938 -0.47517685437441
0.935 0.521652581953599 -3.15262736251309 0.775587562536612 -0.131338525354482 -0.178666120802415 -0.148603649338812 -1.95815149911265 -0.631528989018342 -0.366188268119696 -0.498304097352213
0.9375 0.511651580458677 -3.1932874312508 0.845243576632526 -0.0614930973083426 -0.235064661374368 -0.284430286358298 -1.92627113295828 -0.701624316076885 -0.433573378285918 -0.5174776374437
0.94 0.501573449057454 -3.22788343677701 0.910833425074626 0.00549535897211047 -0.290732169178364 -0.417675212032821 -1.87462839129 -0.764132699172171 -0.496084825741357 -0.53211361311593
0.9425 0.491459927339632 -3.25598968717716 0.972006531679927 0.0691323773582885 -0.345416552475513 -0.54743792972889 -1.80153263023303 -0.817751966100951 -0.552629698859562 -0.541613507894154
0.945 0.481353478697617 -3.27718960954566 1.02841860515955 0.128925985293697 -0.398868917797985 -0.672822081603549 -1.70529023148723 -0.861175890257929 -0.60210771152456 -0.545373818431276
0.9475 0.47129676846377 -3.29108245330402 1.07973641075292 0.184393301132556 -0.450845633213979 -0.792945410168847 -1.58424107617833 -0.893115326684005 -0.643428241558857 -0.542797035020438
0.95 0.461332095516485 -3.29729055583528 1.12564292171192 0.235067657145836 -0.501110454554259 -0.906950328654624 -1.43679888201185 -0.912321224226009 -0.67552883058545 -0.533303715709212
0.9525 0.451500788880837 -3.2954670129196 1.16584274256156 0.280506102119708 -0.54943668228762 -1.01401490539613 -1.26149446157801 -0.917609022190895 -0.697394759499851 -0.51634538529992
0.955 0.441842582624586 -3.2853035721968 1.20006767968247 0.320297115513795 -0.595609313225019 -1.11336404078823 -1.05702080521221 -0.90788386360158 -0.708079254815942 -0.491417947453269
0.9575 0.43239498376662 -3.26653854860927 1.22808232176248 0.354068347727223 -0.639427148583719 -1.204280594432 -0.822278768101805 -0.882165996432152 -0.706723834278237 -0.458075263616502
0.96 0.423192648907996 -3.23896454738761 1.24968948365545 0.381494188950239 -0.680704818290708 -1.28611620595531 -0.556422053964172 -0.839615691783193 -0.692578267479692 -0.415942528213326
0.9625 0.414266785814977 -3.2024357733357 1.26473536263989 0.402302962991391 -0.719274680854486 -1.35830154639071 -0.258900141024053 -0.77955698606773 -0.665019610484111 -0.36472905665766
0.965 0.405644596194272 -3.15687470542669 1.2731142563081 0.416283542795326 -0.754988558755481 -1.42035573846686 0.0705022067921728 -0.701499554384657 -0.623569773783097 -0.304240102093748
0.9675 0.397348775387661 -3.10227792325659 1.27477269648693 0.423291191300615 -0.787719271126941 -1.47189469394602 0.431630158130313 -0.605158045089329 -0.567911100838772 -0.234387328796229
0.97 0.389397083678455 -3.03872088667519 1.26971286366311 0.423252444790912 -0.81736192850442 -1.51263813415525 0.823929989263247 -0.490468250950374 -0.497899469879053 -0.155197594737026
0.9725 0.381802002369303 -2.96636149160136 1.25799516114182 0.416168875671418 -0.843834958555644 -1.54241508573071 1.24642731284085 -0.357599559257716 -0.413574483764311 -0.0668197324507671
0.975 0.374570485800885 -2.88544225305152 1.23973984721113 0.402119597129268 -0.867080836861479 -1.56116767665435 1.6977132873975 -0.206963209989656 -0.315166380198258 0.0304709350216312
0.9775 0.3677038180935 -2.79629099993176 1.21512764635498 0.381262402654772 -0.887066502864463 -1.56895309695097 2.17593953053507 -0.0392159950613223 -0.203099375330443 0.136270549096491
0.98 0.361197580683671 -2.69932000411954 1.18439928634331 0.353833467960531 -0.903783447857376 -1.5659436327347 2.67882222671558 0.144740850468491 -0.0779912453760417 0.250047282435123
0.9825 0.355041733783091 -2.59502350756118 1.1478539359994 0.320145580324491 -0.917247469148513 -1.55242473024614 3.2036556684181 0.343767686425747 0.0593509497428097 0.371144587807709
0.985 0.34922081180519 -2.4839736541787 1.10584654768187 0.280584899569386 -0.92749809208852 -1.5287910965585 3.74733520542665 0.556497422145118 0.207938992773976 0.498787125243281
0.9875 0.343714229688077 -2.36681487687367 1.05878413804858 0.235606294470283 -0.934597669238968 -1.49554089411133 4.30638931017995 0.781351239865007 0.366615372545257 0.632089288857568
0.99 0.338496693996441 -2.24425683237696 1.00712106950304 0.185727337030177 -0.9386301733672 -1.45326813549899 4.87702020648561 1.01655880701114 0.534068668833485 0.770066181586345
0.9925 0.333538709811456 -2.11706601669181 0.951353421894573 0.131521073486181 -0.939699707929306 -1.40265343136524 5.45515226334211 1.26018257306549 0.708852146431289 0.911646817146862
0.995 0.328807171812603 -1.98605623007779 0.892012568646889 0.0736077238950685 -0.937928765037208 -1.34445328632613 6.03648713343695 1.5101456340501 0.889405158557889 1.05568926606228
0.9975 0.324266025704526 -1.85207809172833 0.829658092715982 0.0126454906110042 -0.933456266399449 -1.27948817419274 6.61656442451113 1.7642625505023 1.07407688418106 1.20099740872518
1 0.319876984317664 -1.71600782949732 0.764870194945811 -0.0506793210008869 -0.926435427213638 -1.20862965325306 7.19082653746206 2.02027242629875 1.26115186267284 1.34633891492234
