"id" "score_1" "score_2" "score_3" "score_4" "score_5" "score_6" "score_7" "score_8" "score_9" "score_10"
"1" 1.03228094558574 -0.580536609792846 -0.520912540474098 -0.734063388534977 1.77787316104965 0.253424062456106 -0.455791594641568 1.10666821346941 -0.681556507577575 -0.759369964370919
"2" 1.26903548203599 -0.521881492525864 0.0786943377370651 -0.471749067978491 -2.56291411128167 -0.509658477244913 -1.27281881542789 -0.280623968915805 -1.39658818983827 -1.02683948497445
"3" 0.0912957017784058 0.0611853060591633 -0.892132244436493 0.110337943947935 0.565264296888766 0.605491285738478 0.29501757972203 0.20929845559573 -1.13798407078451 -0.722899277408354
"4" -0.0061157253389138 0.0106965687137117 -0.218363621257644 -0.114673108817476 -0.293929089734812 0.626712535452758 -0.190307283461984 -0.510590890171827 -0.0641365030522178 0.217767298052787
"5" 1.15260192206973 -0.691455781520443 -0.402423890787077 -0.907358217075781 1.47451717740392 0.231334329750244 -0.354668137562559 1.51648910218596 -0.106887675659966 0.219770092148343
"6" 1.4305315778989 -0.961669278912135 -0.0933279050062591 -0.902449720772032 -0.231815902660427 0.194092693568876 0.804296618476361 0.444443834771602 1.33556982955723 1.46949186378452
"7" -1.09154640356075 0.716189089720176 -0.399192015401878 -1.35772336596952 -0.272190821187096 1.13013028931988 -0.275339754467452 -1.02770723802366 0.374945388472545 0.343668964012916
"8" 0.820831245176502 -0.390074419378559 -0.721617595301803 -0.247182820407636 1.75075974229267 0.158575615365492 -0.332005725855367 -0.405990581458995 -1.10678534468574 -1.49787693935044
"9" -0.498718350965868 0.202794763447916 0.0480599776303628 -0.665591665676209 -0.307956764885241 -0.454673636424684 0.115060001126209 0.104841749154483 0.869803843199383 -0.589581644280858
"10" -0.288898918174061 0.0801614001039367 -0.20691152244161 0.35596451597443 0.15314849296727 -0.419540177344528 0.386494187215208 0.591986003878795 -0.24666552924335 -0.728492712508733
"11" -0.136195624639829 0.342821116051315 -1.27516362125927 1.53529670501488 -0.528114787344813 -0.876719284899176 0.0232814438774672 0.995582660514496 1.03992995685094 -0.257593033926037
"12" -0.589393851016244 0.200689063601467 0.327838805785047 0.101988218926757 -0.144616914362686 0.958775226454578 -0.590057234110613 0.0688117687797481 -0.229787579691782 0.576323805610483
"13" -0.212787706477145 0.35651492491655 -1.25543165904652 1.46726404604134 -0.590124172255185 -0.598244146035601 0.34201513272457 1.46369449609215 0.772769046275481 -0.729940093822084
"14" -1.09821467038611 0.479539151556673 0.439504118028829 -1.26916317301121 0.0785235546462829 -1.03585592049925 -0.311539685831153 0.203401544100276 1.24664572829125 -1.42742219918034
"15" -0.103353099367204 -0.0607991467563992 -0.160698271315294 0.38589017578129 0.41139030220457 -0.23837228191543 0.422762530390527 0.231232207935858 -1.00139780295951 -0.249541276402065
"16" 1.4868590646862 -0.966650396675685 0.0543389895467095 -0.683232406143237 -1.52979266947933 0.0951525488678603 1.07972392845761 -0.631654167379815 1.04989985929736 0.260236090699089
"17" -1.13560054968906 0.641088542669522 -0.0133328441179377 -1.49984586973488 -0.102707882138298 0.189809022506982 -0.256378127320809 -0.617816990678886 1.42654890048824 -1.23696871363196
"18" 1.40038136922541 -0.769671393257045 0.0955813715699847 -0.530020042658478 -2.28431527752562 -0.187782688810309 0.101617509851727 -0.735994658289255 -0.171234731299562 -0.800709145435419
"19" -0.159937518453714 0.0931003843098555 -0.412113916678317 0.349236281608268 -0.343584723034781 0.137495268409143 0.364634682910611 -0.108817256139129 -0.113392248975108 0.0997024984754818
"20" 0.883193513336252 -0.447805990942336 -0.6507465246725 -0.235796465285171 1.23590768374046 0.0454324314844569 -0.151327731566748 -0.49780339876968 -0.434159123298189 -0.42825007290338
"21" -0.527335172753664 0.444959828951616 -1.08965549986639 0.668835444499355 -0.598721521692703 0.801141618928622 0.987858235992733 1.39650276367005 -0.871988579275562 -0.471646697669257
"22" 0.969313095069444 -0.77819647490142 0.301040621050694 -0.251110665280966 -0.0544860315701357 0.389370423325027 0.394502568183234 0.222003303904264 0.346369101407537 -0.0907882611402772
"23" 0.795515757824189 -0.366830444104425 -0.744868515631006 -0.180714996041752 1.70982721665523 0.130332333061236 -0.316539903403038 -0.600068175662804 -1.10149098017521 -1.47138910984242
"24" -0.053025482677446 0.31981062496927 -1.27972396961247 1.53742441297788 -0.420280234767513 -1.07026359339399 -0.276076347230261 0.337249519786809 1.16282532649508 0.309172587365519
"25" -0.336747417253431 -0.560844330799162 1.63560115450323 0.854300365470296 0.211289791278591 -0.322522580375957 1.34019569097205 -0.470552851184547 -0.96025862516984 0.387511336774526
"26" 0.42291906977 -0.0152902145552718 -1.05591787721917 0.770654958491042 0.737142271424715 -0.584906813076451 -0.44682155276293 -2.16286650253287 -0.138741457194759 0.343668830046257
"27" 0.351368054064545 0.0496990361888898 -1.10659724899361 0.931227089376621 0.530240880256692 -0.74258346137668 -0.514906289109327 -2.093952731127 0.137266111815189 0.69026816994759
"28" 0.596420204594028 -0.17932520748386 -0.919411674269004 0.345105075981234 1.23847806382102 -0.202984983896327 -0.3090667747317 -1.80829966863591 -0.73906912955947 -0.663659037841934
"29" -0.000240660498603273 -0.497008040783772 1.55083451838397 1.4513409500174 0.078674419885468 1.76636990795147 -0.955392435538813 -0.0342951143568857 0.951842207316149 -0.755395888973073
"30" 0.0915766051748007 -0.471872494373217 1.17124166827823 0.53809223059026 -0.524181140160951 -0.027154871950371 0.00229872438060869 -0.214639278185245 -0.563202358159781 -0.285059420446888
"31" 0.0736764420854846 -0.237317459141208 0.197031770417621 -0.11514581733982 0.335459238197079 1.10055109506962 0.0968196731149931 0.115745571589947 -0.0557484441789515 0.233132863742794
"32" 0.203857597606921 -0.25767932259374 0.350456028561463 -0.84970174117641 -0.866488280372289 -0.725544603895243 0.228274525019407 -0.14812702006987 0.717338640747523 -0.565600704586418
"33" -0.929145807338488 0.671269321454892 -0.750503451763301 -0.746152712325598 -0.432737217114039 1.59474833271365 0.090451859036273 -0.551778936751816 -1.0726515995628 1.45019364928542
"34" 0.873223663036665 -0.437709136180229 -0.672890221449886 -0.381557967647837 1.81429483624656 0.205053261122379 -0.370068059531565 0.00413926484039524 -1.08107199138679 -1.47643232530234
"35" 1.28512688724515 -0.820215819521806 -0.265948650255142 -0.981093123707617 0.860254430911153 0.203409340784459 0.0370273097829268 1.36895413969202 0.640060545295808 1.20708671562816
"36" 1.2745196199781 -0.810808679079318 -0.267776780525368 -0.904425270052806 0.729309878898183 0.215670412305188 0.161520963536699 1.03804779940764 0.538438936230418 0.790481652419628
"37" -0.426990515574493 0.404387581388841 -1.15001324090314 0.982478103620163 -0.620736145906677 0.387809101676476 0.95762645304446 1.70337210575202 -0.380441327216735 -0.923948966449535
"38" -0.164458840322865 -0.687808149648468 1.70448874397895 1.18492258554877 0.167893844145484 0.566726447538152 1.47500915838305 -0.707348305521364 -0.25672104926552 -0.645812117616913
"39" -1.1156209667693 0.701573777437473 -0.277396539879251 -1.44639846603124 -0.217979568835798 0.861897545211759 -0.284764719348465 -0.963548127703132 0.811078903049382 -0.22647117756037
"40" 0.119900593596318 -0.0291754493429254 -0.518955681717713 0.851841267968559 0.319679973085829 0.164750238906969 -0.0551130625773993 -1.16640894037159 -0.130903987934554 0.0135947852692091
"41" 0.730272672210644 -0.306205874301625 -0.8037937834289 -0.00731152723377134 1.57963621857185 0.0411037543648604 -0.290270174088413 -1.06987230581649 -1.03971599454079 -1.30653502942934
"42" 0.0515486485804064 -0.200367940402445 0.178813899246232 -0.631397977350019 0.140881629461358 0.53203020051441 0.262028911389557 -0.190838325687715 0.640975017476842 -0.32249850379856
"43" 0.763372749464915 -0.337094302800645 -0.774092306770338 -0.0955077576618624 1.64983015889591 0.0893164880262178 -0.300823270613578 -0.838341814245156 -1.07955192312769 -1.40682805236538
"44" -0.616295240110505 -0.246321903572516 1.40860028588628 0.249372362650549 0.250217550667335 -1.43090677767035 0.464754780752406 0.168938676402178 -1.36771634864094 1.4222408816617
"45" -0.843501824668591 0.464512189146026 -0.263402750636052 -0.39159491374595 -0.235675060221881 -0.077728979822066 0.289113672241462 0.699155592849558 -0.039087371333209 -0.635297496195582
"46" -0.276675443081105 -0.118166378536369 0.210924294278017 1.16682668539172 -0.2044684570093 -0.260746090245938 0.979820563977085 0.548533883295619 -0.134464662117726 -0.39082529826324
"47" -1.0168327105825 0.318473522918643 0.759727383642357 -0.912414773824144 0.179030538019949 -1.71207014700639 -0.399575430131822 0.620617262796457 0.333203535756927 -0.363398792847488
"48" -0.151154865767506 -0.263656159594827 0.648501797255876 0.028192366860267 0.734321087145183 -0.795659163616305 0.198376548305482 -0.0496046688860478 -0.991029344952595 0.0524339668046134
"49" -0.964881194555931 0.675931278969775 -0.653833056246998 -0.883717118369036 -0.389157765166882 1.42830102520039 0.0231915036738485 -0.620882389086037 -0.62325286859445 1.01802643038722
"50" 0.500796107518266 -0.0882617780606224 -0.99678069413714 0.585330394494662 0.964740846273883 -0.409660377031236 -0.374980211398583 -2.09390200588191 -0.426653886222341 -0.0983245434243745
"51" -0.633672798783974 -0.203627860340794 1.3367660233874 0.156804626152319 0.231329738148008 -1.26913659671125 0.461290832878623 0.155507900704385 -0.933167491986132 0.825418471135957
"52" -0.209035291202058 -0.515059411898198 1.5846167442976 1.0730664946594 0.156245412472859 0.517870892897938 0.310960423057031 -0.244146690555568 -0.135898274653582 -0.0895054432202157
"53" -0.237202409677832 0.360337172969717 -1.24641459202528 1.43186676388473 -0.60278563611381 -0.49386466154813 0.441790925835706 1.57176088064263 0.660990595781413 -0.846241916403119
"54" -0.00878135865458207 0.302620508448779 -1.27497287093812 1.51249919593138 -0.346692315598404 -1.12449567286774 -0.398057689196534 -0.0360096228275263 1.15951194418456 0.576022078827954
"55" 0.586585965825863 -0.169937424465676 -0.927585115334158 0.370365701015923 1.21099651700142 -0.223377221409168 -0.314172146307283 -1.84753121608728 -0.709839540158759 -0.606942171176401
"56" 1.46786653771828 -0.990452289662662 -0.0335795979984244 -0.834397005567214 -0.693572605962192 0.182753318708461 1.03959828170044 0.0118071398630558 1.39977286263361 1.1876904591754
"57" -1.00063745418094 0.703992908282723 -0.638900370410744 -1.01318558918765 -0.380733326711874 1.51846778666897 -0.105521930365444 -0.844950143396747 -0.633712714496904 1.29300658096241
"58" 0.093301230086754 -0.145397017201333 0.0105889353121083 0.181630356618673 -0.300937420009502 -0.0141878381248514 0.240726585560418 -0.234148788508962 0.053774498268167 -1.14305345189651
"59" -0.823912091514195 0.144331432545777 0.728371091811444 -0.398616470033136 0.0702362208502068 -0.698108719349691 0.0476720583795881 -0.106903777357521 -0.813257982755874 1.17521353987623
"60" 1.43690289802563 -0.864160741879681 0.0613083939953433 -0.628716327384054 -1.78921239076279 -0.0440716101501419 0.539715154312829 -0.569615972957737 0.458562013688657 -0.119614625753207
"61" 0.412379574331533 -0.00557265182624345 -1.06360866427602 0.794899987070628 0.706429983445237 -0.608527275435366 -0.457025964304795 -2.16034510385397 -0.0984266358929503 0.399050364886378
"62" -0.75894803820971 0.535897568239688 -0.667557283456644 -0.199409755766755 -0.396533833264209 0.399500528482876 0.313726437449847 0.462136595418053 0.483678861788342 -0.871141338821404
"63" -0.694831653820746 0.150327911389559 0.298823662156593 -0.000356822703265279 -0.121086627115339 0.152216067693274 0.518765628735124 -0.0104799536327808 -1.36890787674604 1.27744590998641
"64" 0.611252563551216 -0.400329717451662 0.763506575868324 0.478335114861233 -1.30023209835988 0.601970566152127 -1.89569870465688 0.100953579077416 -0.368463976137344 -0.586462123817768
"65" 0.809652227881735 -0.473795859590533 -0.315904871593122 -0.195170706290495 -1.37721210660998 0.286346295452085 0.951460931279392 -0.0211590893289635 0.249602752232867 -0.212761640297683
"66" -0.701430401291548 0.538123358834073 -0.971853797026648 0.0756559618192336 -0.541441394004997 1.33330204467875 0.727642323709638 0.592076260228103 -1.37928824941655 0.591786281698206
"67" -0.807386110884278 0.228171957784571 0.390642212606662 -0.476949373633641 -0.0661480367448321 0.258942593357198 0.359959551131124 -0.450156991547219 -0.104533270114177 0.0541236536900641
"68" 1.28895707618572 -0.556141489817525 0.0864435166212154 -0.467695458778155 -2.58474159826102 -0.468832471174525 -1.07738250727471 -0.392501651009053 -1.26824294368165 -1.11760449049139
"69" -0.0808211029636596 0.0417256093701178 1.20668674162865 1.23017031010643 0.0397054825703505 1.59182899697531 -4.91887856661587 1.37033472365366 0.771478634180771 2.08198475453112
"70" -1.12659840778039 0.685023656117595 -0.18894915390082 -1.48339266355206 -0.178966210404977 0.647907463258071 -0.277680197854749 -0.873167333069177 1.07235248798609 -0.614985794325545
"71" -0.719627981452054 0.322540622418069 -0.19401384521547 -0.153464120575819 -0.300169031470755 1.204983417372 0.566127663939553 -0.369115359089207 -1.13223521773189 1.01790227137151
"72" -0.843515272575588 0.0674382596779257 1.06632104117369 -0.387051019033392 0.22089880460384 -1.6975721116082 -0.0775873530205191 0.484582890625233 -0.555704109118539 0.631418326049746
"73" -0.117125482354149 -0.183744592494315 0.642729598884907 1.21351361121198 -0.0629607471138018 1.0640860043245 -0.615806374321357 0.152853612690389 0.428707349164598 -0.200020742597577
"74" -0.0991826605913876 0.0425472357946336 0.296424481391878 1.39979052010864 -0.198645322482719 0.759675974927436 -1.99701715947538 1.04046228513321 0.91172160440788 0.318575833255273
"75" 0.150691448607834 -0.268354889424363 0.136396189623166 0.241010743180234 -0.143000885939873 0.636620116467316 0.441251321651646 0.201712312769859 -0.289916678033935 -0.176347835475028
"76" -0.096762696983468 -0.172818852289854 0.52410335773452 0.597531120339325 0.254202518053844 0.679972131204535 -0.469922972805896 0.373277063997624 0.495216531023258 -0.900411333206761
"77" 0.0642507146121444 -0.367095786223776 0.625820228973205 -0.316065350850282 0.149263155697525 0.192749969924107 0.464339648093162 0.0722802251440728 0.936267549174527 -0.421011908774763
"78" -0.816525438446724 0.153762900658405 0.685337321997734 -0.484466240575799 0.0469328670426921 -0.321991253846116 0.228549888785132 -0.295234968672695 0.0136810318782974 -0.00677465044925052
"79" 0.405756854255302 -0.242682735748583 -0.293009156765776 -0.276718101562339 0.376097296541624 -0.453580042727937 0.0269209426962768 -0.825340251919552 0.147349421404522 -0.300657558998651
"80" -1.12237563769288 0.549665587467869 0.264196895979496 -1.39967775950658 0.0121432534947422 -0.57245820222997 -0.265674009275343 -0.112667670086168 1.49994745609726 -1.61980797104122
"81" 1.37109850594026 -0.712112612653958 0.0954733160038713 -0.508227094126059 -2.38952160187347 -0.264699874317705 -0.211780847139255 -0.664254693637516 -0.48079196536291 -0.932411766811549
"82" 0.114248301780904 -0.00759983829562072 -0.0222508108761758 -0.998009196944077 -1.29133465560055 0.113580686029766 -0.304788999950345 -0.720040463557106 0.29719764020343 -0.893965825202704
"83" 0.191647377960584 -0.274575350329962 0.195860237299341 -0.212533539816476 0.859023928709515 0.283538611857498 -0.246099785225376 0.0923084768798045 0.18715973864135 -1.08110448618212
"84" 0.495945673343014 -0.164971980550555 -0.790177811843539 0.493897893116499 -0.231486346824625 -0.289644638632785 0.243714228621505 0.225414055133554 0.358095868968727 -0.511364756286579
"85" -0.0001883268443581 -0.558653824347461 1.59197798619292 1.45889505610483 0.0871931364060503 1.71475600647524 -0.442210712256616 -0.209397605017416 0.891188725756453 -1.00232998864642
"86" 1.39340735556653 -0.927256574786163 -0.142347210158961 -0.942587392258225 0.111686850650824 0.196331068466916 0.579792414855466 0.767501099829244 1.1955686119165 1.54385149890826
"87" -1.08620780895229 0.717534066681441 -0.419971967964235 -1.33759477444765 -0.281493684530635 1.1721120314372 -0.270150991411796 -1.0300523405749 0.293100637784174 0.440732346677352
"88" 0.0569275818740314 0.0135609706326461 -0.205526095957149 -0.679295200343737 -1.01471017992665 0.209705901346489 0.0274834914437977 -0.155327604983832 0.0591471026065909 -0.454541171840407
"89" -0.13074435483298 0.0165036922930606 -0.217453191947275 -0.0639715464578091 0.585725275012077 -0.368278614589309 0.0667563259107641 0.0468074860036065 -0.432205876669606 -0.793163716550374
"90" -0.0424469657135651 -0.280838932175321 0.570518726948596 -0.12745290996691 0.208044422498568 0.227925936688304 0.241290473476549 0.0930349570755214 0.10662795359065 0.0423743168418988
"91" 0.000351582578226095 -0.537853460494435 1.57798223392331 1.45733856687535 0.0840887293867611 1.73609148810926 -0.618380785766399 -0.149706359700414 0.915965525478195 -0.923174942190274
"92" 0.402266169391665 0.00370895505773983 -1.07091721148413 0.81797633909522 0.677020992707463 -0.631096326517737 -0.466808576017382 -2.15542377901267 -0.0595798496798358 0.450909026883286
"93" 0.849224378479291 -0.415887651410054 -0.6952084361374 -0.319979386275039 1.78507313281976 0.183709527040447 -0.352632580785445 -0.183774333227927 -1.0926726454236 -1.48588060897752
"94" 1.45418714915984 -0.88902858844118 0.0748639345095453 -0.614771312956544 -1.86747818936109 -0.018295311796693 0.704287009086996 -0.708819689754643 0.552395322827415 -0.220236265847138
"95" 0.0249325207579353 -0.125296624538615 -0.263935864209489 0.479946627676933 -0.0475031719456598 -0.0701333444437323 0.712770493041116 1.16653310677605 -0.182180694997922 0.0103457828081345
"96" 0.381685597494352 -0.145760987397514 -0.706195650991213 -0.277849773520785 0.74139316968911 0.398117888959494 -0.0454906221040136 0.728847850374793 -0.445944825290583 -0.233251627828445
"97" 0.730549766161944 -0.306465525515894 -0.803546880233434 -0.00805029547978215 1.58025526940752 0.0415313537095726 -0.290333017214319 -1.06800279299355 -1.04011785555069 -1.30750403719834
"98" -0.248877969360214 -0.0964182371622267 0.237811799652285 0.728317863453107 0.0800475283078202 0.0577500302179171 0.504442056934173 0.0937727875222563 -0.631726598369648 -0.0476523103534819
"99" 0.0329930840830267 -0.399618999165673 1.00788924198516 0.276297757259073 -0.538132244936815 0.1997055726583 0.27645268602477 -0.382143398123129 0.194766642733677 -1.19721107162678
"100" 0.13867667391475 -0.299409609384691 0.703985203881605 0.403598295182006 -0.434165610966811 0.0698093453133831 -0.626488009728898 0.0907967472045474 -0.368878397139769 -0.23259407446535
"101" -0.0841511068016809 0.319564984926624 -1.26394471047951 1.48303132376835 -0.428233061992533 -0.903862342447248 -0.101025107088484 0.516704241692839 0.981177160879626 0.0607117207534958
"102" 1.34448575898705 -0.683886385192229 0.0580607755929036 -0.571173945188404 -2.07381913635288 -0.283509906179366 -0.441203113288041 -0.309508888265182 -0.457000819455056 -0.380640140112564
"103" 0.530589419677945 -0.132592621011713 -0.922717219084176 0.443252251598176 0.77312316904495 -0.469408732681469 -0.462080228158623 -0.479014122577947 0.104549418856977 0.206298917659638
"104" -0.873827046435572 0.502954336293806 -0.275158405405571 -0.528988937897551 -0.238918837629241 0.0353194747094917 0.109393160642092 0.363120547377371 0.183880000739006 -0.445172029831642
"105" -0.303627284442413 -0.0534568262058837 0.149289604178829 1.08013709764089 -0.165092800293098 -0.766482193098587 0.608147762858427 0.485096947998509 -0.135024470996994 0.204520827805608
"106" -0.401350645109421 -0.488564889020802 1.58497936739814 0.716610609024926 0.220982492463098 -0.586764476847888 1.13166737436188 -0.319862465653433 -1.07242981499965 0.655680500442641
"107" -0.00859834118699276 -0.386526268979135 1.47878363823823 1.42281622895901 0.0668854487505156 1.79900467424832 -1.82840202561864 0.269476765846472 0.993717149184501 -0.247953002138912
"108" -0.0787355826371111 0.239330672697394 -1.01974158111163 0.742463173727488 -0.401435957640243 0.00231270301492851 0.195200484049044 0.353441001409976 -0.262664796884921 -0.187985427803382
"109" 0.132588118289804 -0.132371480709358 -0.308748770458532 -0.381751981753508 0.340037489253995 0.416646875468804 0.192849413144151 0.728869371593866 -0.37979180981073 0.704343823499526
"110" 0.677174147333105 -0.256176942695073 -0.850572067784191 0.133904081433392 1.45337486376509 -0.047207073788951 -0.285906830794518 -1.40493354906001 -0.944699054799173 -1.08889415709972
"111" 0.336069542224343 -0.560954565912562 0.536109929284006 0.183412818704772 1.02167572209512 0.0804767888225645 0.508385657757197 0.0431076711631223 -0.86090666117665 -0.550285223350759
"112" -1.13460889763325 0.612941627242521 0.0802715159096922 -1.48191814625431 -0.0629903219948496 -0.0656183618377387 -0.250887233955296 -0.454895132467816 1.51907766732186 -1.45758446187692
"113" 0.266358173737565 -0.167672982198394 -0.447546507663728 0.026483267503096 0.286995425293928 -0.0057165456560704 0.28033919734298 0.123737661645167 -0.338381136522974 0.547265459329955
"114" -1.05527003934577 0.718373605562049 -0.517783575601261 -1.22014193274083 -0.325515555396136 1.3512218015014 -0.225215695104275 -0.999675768808502 -0.112771640813055 0.8745595202501
"115" 0.000191329406659446 -0.511641508390851 1.56051572150002 1.45388328590669 0.0805228105962268 1.757084872534 -0.835859201663319 -0.0753932232377844 0.94071853592712 -0.817181504573353
"116" -0.653521333628367 0.505953939874841 -0.678703566250697 0.00451024292343897 -0.349227340233991 -0.178460387393474 -0.0439264082552842 0.252968823656013 1.11332984418215 -0.748878711052838
"117" 0.611137509142186 -0.236589719039567 -0.79180842843105 0.27525750850453 0.346792200592451 -0.449704705257205 -0.233083492626325 0.787333703517595 0.794366938431356 0.724704956929494
"118" 0.948989566714409 -0.739448627933468 0.188697352571007 -0.325910211261277 0.636223310616988 0.589883055027556 -0.0564468217923539 0.818198246815157 0.583893742610607 0.340394945400412
"119" -0.432693860506849 0.38903558783338 -0.616203704120381 -0.199642850052744 0.0856553800957399 -0.280342523059333 -0.421109144924882 -1.28625145905311 0.892450043378584 -0.0398777023873669
"120" 0.694487674868522 -0.815013621839986 0.78288618933538 0.253231583227983 0.0139128668705042 0.813303755775289 0.716866760563629 -0.0012146644050365 0.93164243357657 0.101181556209335
"121" -0.140214501757946 0.177384901752903 -0.372452570200377 1.31436487762165 -0.299676187357746 0.259789645576253 -1.0280011007139 0.835303737025517 0.6486465213622 0.191800312484487
"122" -0.0186428880789069 -0.664838956315711 1.66649037909783 1.43934146135386 0.109343911764227 1.49983872496121 0.538313877970466 -0.528956173930313 0.651575533686488 -1.29947629084737
"123" 0.207397249474448 -0.132490722426753 -0.311579272572798 -0.799224849967847 1.03538027009214 0.130296528450553 -0.362668505719623 0.570592956858142 -0.516642993743715 -0.351700503598451
"124" 0.4935235261313 -0.208295386164345 -0.634232343727415 -0.210326144780253 0.923552535026667 -0.137749810155033 -0.299057830399686 0.223406984032771 0.0649569407368465 -0.421449895786342
"125" -0.477821994246349 -0.409337367769127 1.53212692204262 0.558135367643405 0.234402684697303 -0.920954881677556 0.920785255363914 -0.156244117095701 -1.25394381678165 1.02098920518101
"126" -0.367214033969977 0.107970650765999 0.0709580955685558 -0.104716504179286 0.106843033357085 0.276916463062564 -0.167709702154923 0.00420486605593746 -0.188172055417626 -0.21456153519301
"127" -0.528485898039545 0.442588866062998 -0.609291695942569 -0.0353789540935832 -0.127760111409055 -0.541184762274646 -0.402861504454333 -0.640735553947092 1.26004625852362 -0.202752591664196
"128" -1.08121796297798 0.440409806067947 0.526940360112635 -1.18646530259427 0.109029084229749 -1.24898889323058 -0.34091889740365 0.344324244466798 1.04518652265021 -1.21408610944754
"129" 1.4535250484298 -0.980728994546199 -0.05874358165887 -0.86581100346315 -0.492264294536931 0.189510152407275 0.94934307408694 0.197898717317912 1.39089618194221 1.3347555617999
"130" 0.68343622779207 -0.476024640039395 0.717204981785231 0.399670505514878 -1.10169220200647 0.785328294896625 -1.63600567094079 0.0469782417912769 0.421231489978686 0.0669596539438395
"131" -1.065087957027 0.406976130958632 0.596364892083375 -1.11274679713208 0.131734904845105 -1.40520220783044 -0.363793394272198 0.443708293247073 0.855400219633424 -0.996850515759294
"132" -0.10410879761244 0.0720480605287426 -0.388282693575997 -0.70116414859627 -0.398645628063037 0.510983267415113 0.359136956091655 -0.00299348086658386 0.58835228308784 0.383195179248181
"133" -0.6943766987769 -0.117926856615035 1.24955333016793 -0.00900786226694077 0.226155688798159 -1.36273869963615 0.27717216972595 0.272147517892909 -0.72768231291873 0.642651716432835
"134" 1.4808978109152 -0.972611395981312 0.0287685089599943 -0.727373188928736 -1.28773964702678 0.118936979137304 1.0614671789718 -0.441335973844123 1.14800350066703 0.534737249951163
"135" -0.560349441800405 -0.0900241526890063 1.0450487540557 0.0768732153065547 0.0910796277386277 0.250514878388894 0.12772626730563 -0.181359586791406 0.962450569683585 -1.38213953553268
"136" -1.10542549411526 0.497979304255372 0.395845648637155 -1.30615953236475 0.062590017572375 -0.92409832554341 -0.297894468020205 0.127937795107441 1.32960855680484 -1.50603287753509
"137" 0.0488839780468583 -0.0754673363307063 -0.0268691472901295 0.702622033521835 -0.392237536516589 -0.139649355621293 -0.241509124928315 -0.599751904258775 0.528342360628033 -0.375239704114995
"138" -0.737376347194622 -0.0907063666325912 1.27112423847439 -0.0486097928434276 0.253601236172687 -1.76109069806302 0.0797300279648556 0.437052075440525 -1.22326528806068 1.42576042857032
"139" -0.667317198863274 0.410194917513573 -0.308669559440793 -0.0905700920568999 -0.168668427794059 -0.525380687182042 -0.304308391253765 -0.0557146431305388 0.178998073134202 0.657733960135193
"140" -0.0883684811956609 -0.50901330826209 1.57374267970962 1.29729154952704 0.114559193007406 1.18693530377391 -0.400041962678031 -0.143170989116695 0.367000468540452 -0.298222255333937
"141" 0.0485380918643888 0.125312362881876 -0.477096614668016 0.103165458835741 -0.664014392887216 -0.591281805898325 -0.505601697310807 -0.12309065014988 -0.0168392066989914 -0.793679823674232
"142" 0.508967733223652 -0.269121441271035 -0.533086644457921 0.0978610556616022 -1.11038836848863 0.318239058648583 1.01523428662685 0.466147937071909 0.195490831921109 -0.310409159721153
"143" 0.429340182506778 -0.423155880799908 0.0340247418724505 0.464807004650592 0.879397637778408 0.13882752051107 0.18572703461696 -0.644306906958942 -0.294583913701826 -0.46007676008328
"144" 0.220124522022541 0.160033719925216 -1.1880783183309 1.19633837222692 0.169057937321956 -0.994223523810816 -0.602342676255518 -1.64620897442652 0.627868259551333 1.06934543337399
"145" 0.143304720381303 -0.0336340526624309 -0.0957759386475064 -0.985762902843254 -1.25253015965513 0.348941039070647 -0.0897209705559014 -0.854262624780822 0.306286146678233 -0.490359732499728
"146" -0.215971853271664 -0.434581775868434 1.53158645722349 1.05026146702456 0.147658079063766 0.542478542207024 -0.3192787102907 -0.0225107601802097 -0.0958385731435573 0.261437645736041
"147" -0.136299578472552 -0.393967298968579 1.50375737512039 1.19546772164309 0.117182800811579 0.972384355789006 -1.09121666158092 0.137565055422793 0.176536903366065 0.413297321430707
"148" 0.048273538686563 -0.15793542775053 0.254613812830098 0.213664491865553 -0.321189063125961 0.00103992172262983 -0.195219438057448 0.0470089097313663 -0.581649739608304 -0.245929343198878
"149" 0.433681248478185 -0.580823803872387 0.763867120336452 -0.131656818858408 -0.879061662091986 -0.683713074327449 0.615750102310179 -0.349826647443094 -0.46539487320407 0.47716303016623
"150" -0.395680729399702 0.207232770807801 -0.258610412564463 0.141181885472967 -0.00323405984379159 0.78678094399856 0.0307268613129017 -0.268875084428842 -0.135627777531552 -0.32449112524219
"151" 1.37493903671317 -0.909042747822771 -0.1640824107093 -0.953115660601971 0.249928960033993 0.196848584318287 0.479085522893399 0.888552610667845 1.10554184968732 1.51120299426093
"152" 0.484840950252047 -0.24069935279691 0.0386076705054176 0.0685284913361616 -1.24119418148002 -0.959433079122273 -0.621100330120679 -0.340155847750151 -0.609673257852103 0.0443438867314305
"153" -0.681421095941544 -0.163875453898125 1.33830982548222 0.0927257428693782 0.253426096387748 -1.62352166889421 0.251847457092823 0.317820109213993 -1.31968557750436 1.46813316474181
"154" -0.71154022883569 0.310135879022799 -0.08422771858636 0.0870451846646382 -0.194518838564825 -0.645489064894693 0.315829461086487 1.12422104178258 -0.497748572296504 -0.122856201510463
"155" -0.450706265306202 0.0795116641869195 0.459182376464794 0.132230665138468 0.0233130977261655 0.0565228766300033 -0.585623357261811 0.305432043220882 0.16489824075859 0.142604070467672
"156" 0.33855621622843 -0.339123467691297 0.0159712333509505 -0.393668621306134 1.08982022832891 0.31461868706461 -0.0242168122817495 0.174355619205728 -0.171241285347287 -1.13086370283277
"157" -0.531999157343774 -0.348613644087499 1.48916476578326 0.442065672963936 0.242342774708729 -1.1402806502091 0.747736427155279 -0.0305857861735346 -1.34268108459768 1.23718656153427
"158" -0.824970307036246 0.198661931767696 0.718520621325032 -0.58543674623559 0.0722724211525027 -0.308489865776 -0.104506175501921 -0.046412147589228 1.01920034197665 -1.24523058370259
"159" -0.132793450687673 -0.58018381929126 1.62517330139581 1.22561580455893 0.139831846537377 0.878616997974195 0.422749554837579 -0.372176577297529 0.0992386468775365 -0.467987959045003
"160" 0.0694742252025822 0.262565722065465 -1.25489049105079 1.43151039360473 -0.191023094750701 -1.14135481553078 -0.536412351094437 -0.668962166544198 1.0507128067636 0.912493468229117
"161" -1.04714536082739 0.649281298311539 -0.312077331975024 -1.17665045552926 -0.236993829624792 0.742427388120494 -0.104521099268576 -0.562460559234886 0.413464311179014 -0.172778115554467
"162" -0.0010151468260392 -0.573592305324255 1.60211765703347 1.45923816460272 0.089601682668378 1.69640070490442 -0.313367911699267 -0.25271617971087 0.870097255606703 -1.05601425268436
"163" -0.298928098643433 0.371750127331882 -1.21788261940877 1.30683871024664 -0.617930142099711 -0.2077951773371 0.654471165122167 1.70892845598002 0.331864931028175 -0.989743498587877
"164" 1.47016894152827 -0.991777715356932 -0.0291655026525115 -0.828518842274319 -0.729877315768654 0.181212017306599 1.05385524678764 -0.0211632505500848 1.39858740318922 1.15807119500194
"165" -0.111043850140811 0.313623184011993 -1.23347460812835 1.35880778905175 -0.392866067200047 -0.660728319831695 0.06632584348483 0.488530396633967 0.665848582946057 -0.0393614878418727
"166" 0.865797361481498 -0.671631033095534 0.114488441150183 -0.18928350021002 0.791737536830699 0.584393782018988 -0.0250049713993769 0.434509340491623 0.212810054846796 -0.314497933654553
"167" -0.9707217171641 0.242804585603487 0.879451806770918 -0.742034953241093 0.207278246075643 -1.86560523389377 -0.390005256414574 0.686574314317304 -0.0850453695562446 0.156690641561574
"168" -0.0185012950941785 -0.30729003519645 1.42789336874089 1.39493160074483 0.060145897969911 1.79228106804084 -2.43000453210025 0.481490383895269 0.989373499544821 0.149324376566542
"169" 1.18377171931122 -0.362408442932533 0.0655525616498505 -0.439242410753391 -2.71766347022093 -0.715463109134712 -2.16050575656406 0.0328422506318684 -2.16944229171477 -1.12338253929434
"170" 0.390762314451257 -0.530590874378788 1.10895097826298 0.824457838792412 -0.841213692571273 0.848050011225846 -0.684334285341827 -0.238544438067742 -0.194078040753595 -1.16731267194159
"171" -0.275284622059213 0.267369601717635 -0.573643175415676 0.615189195820876 -0.0206610477178259 -1.29767524927966 -0.480720151961603 -0.335190594497904 0.744772642305697 0.462420891338071
"172" -0.269504158352061 -0.14757626923944 0.292154788646296 1.09941039509338 -0.2294795481383 0.725677273626211 1.085560343339 0.35680597183734 -0.141423421513157 -0.849551093853891
"173" 1.33748288193705 -0.728443742826128 -0.0208674378134761 -0.694928204510592 -1.31498128121183 -0.16214046718181 -0.318666457520937 0.171548736638984 -0.103128001615994 0.197967313700236
"174" 0.0497237536726847 0.159542384930472 -0.443640174205406 -0.346480793169636 -1.30664456422209 0.200446175154205 -0.609231787960621 -0.232131486270951 -0.561537976986755 -0.155154671952514
"175" -1.07979333535632 0.437308675767794 0.533621647022685 -1.17974635041605 0.111288728844433 -1.26468799355535 -0.343191389540108 0.354527465008579 1.02824292600487 -1.19530868403119
"176" -0.746194052559865 0.235298984544559 0.717943247175805 -0.423602155478534 0.052893428928841 0.0467594245108297 -0.96883699149971 0.190198703418881 1.25721762284192 -1.01064630612336
"177" -1.06302677177433 0.625966017471634 -0.181404129021005 -1.2214818283593 -0.181267799131285 0.449155425349326 -0.151127504288991 -0.466999840664244 0.618555808507787 -0.432377558065356
"178" -0.939897904230649 0.195003993973142 0.947455949209474 -0.636613790654112 0.220614755103385 -1.9197748508338 -0.363246262686183 0.696330018323162 -0.322009025120896 0.449061050616637
"179" -0.046785271290968 -0.134445516061288 1.31806701295163 1.31999826421106 0.0486159297031934 1.71993923091957 -3.69072075199838 0.930069736467975 0.91287302990456 1.07912236787303
"180" 1.31208484287573 -0.847042230842626 -0.236715936896722 -0.980349169492829 0.698131072078035 0.200358814371969 0.154721654616036 1.26018288609157 0.789327223497251 1.34606418412839
"181" -0.203424988025255 0.255866641254044 -0.642642455264903 0.33648500790279 0.181628509148477 -0.962126977060098 -0.496398062969072 -1.1202877604464 0.786850833710815 0.196144072145171
"182" 0.384662169294479 -0.690188816588814 0.9933360237421 0.642806044087365 0.510375459141679 1.06260094334938 0.302338799255625 0.151011116405821 0.465222796862335 -0.67914614432983
"183" 0.786837115501601 -0.363953317172599 -0.606090913379642 0.348911641185045 -0.757673319431967 -0.508188374509859 0.286473036903938 -0.654890512551544 1.10576649686172 0.729957787178077
"184" 0.411088856889187 -0.00438259222759596 -1.06455051515091 0.797869150201876 0.702668808536921 -0.611419951175009 -0.458275645757087 -2.1600363212113 -0.0934894884419072 0.405832654742602
"185" 0.263039730065922 -0.0824583983234397 -0.776300680136975 -0.108425880111317 0.551172082846067 0.567464860118848 0.265242901690051 1.30875572414824 -0.729348995325097 -0.379014648268069
"186" 0.272002394368837 -0.0748730245197379 -0.82629394661968 0.546951040340573 -0.562167557272555 -0.0174533080915424 0.770098391869044 1.20435300151482 0.612554862641933 -0.185762507120873
"187" 0.0456701014463502 0.0883014706884213 -0.608747462672786 -0.335347445199623 -0.49319074141976 0.681197988803138 0.0953446312735545 -0.878861428928021 -0.712420044043116 0.413784534921037
"188" -0.00666332383580637 -0.622147617690731 1.63565987217945 1.4551604347035 0.0986245467704647 1.61661365486129 0.120799940432082 -0.396377681556423 0.779925334960357 -1.20995226902781
"189" 0.62125857107412 -0.617671356010133 0.887943052052184 0.473076530883045 -1.23964408141554 0.429644437420167 -0.138790193679131 -0.496342266847097 -0.429397875771797 -1.21620262607086
"190" 1.36854796810311 -0.903073026961241 -0.172525224061017 -0.960355067055399 0.309558239867394 0.197039892072223 0.439332422264941 0.945875725281687 1.08150696505629 1.52597371688809
"191" -0.393546674974198 0.211228081280534 -0.244227784610718 -0.28279560829256 0.135966410850857 -0.121649358011831 -0.0580532882938256 -0.470086819290576 0.331350270866403 -0.075140155564463
"192" -0.993820342765396 0.701382253692036 -0.6513164724464 -0.987520278319047 -0.38645356847908 1.53131730055893 -0.088268382837245 -0.820375364200866 -0.685981750800278 1.32399002842886
"193" 0.0222740075642224 -0.179427305951775 0.204074818161078 -0.565664133478644 1.03633735244882 -0.84873568244787 -0.380082959017626 0.664412942417918 -0.716152779239465 -0.271252080961033
"194" 0.464309402554477 -0.221262218230871 -0.721418391906331 0.0883504359613613 0.0938986714716226 0.151251884935234 0.461161225940767 1.56295562457191 0.326648408711389 0.0955884826275541
"195" 0.880402012283208 -0.410008250014294 -0.0802061798726849 -0.00327396273336423 -0.81701579190303 -0.0634264583788055 -1.07377896457095 -0.0573157153173893 -0.198998916877765 -0.00113475528850007
"196" -0.00760953759509986 -0.395690714962064 1.48470027921408 1.42573479594847 0.0677353446856014 1.79853171925367 -1.75777557068406 0.244693907860546 0.992779681706129 -0.292511947753659
"197" 0.409387096663627 -0.379480055705442 0.149271750041654 -0.350953889339145 0.655918567353138 0.335342266771622 -0.328215002034003 0.318373526591392 0.038410282633665 0.0646567242369955
"198" -1.13224763627617 0.594509266631909 0.13700427825848 -1.46289639393864 -0.0393495987464233 -0.222160748810012 -0.251532728607587 -0.350987571827829 1.54132521344579 -1.54708239875105
"199" -0.98177788614571 0.696434062684072 -0.672108020726917 -0.942290830795176 -0.396066435253186 1.55051378965972 -0.0568143552312105 -0.774759690563312 -0.772095045189658 1.36885290995779
"200" -0.694515372319011 0.105730715826226 0.573656026387711 -0.175491962574626 -0.033868443309052 0.321942500764968 0.312208923735554 -0.28933441917025 -0.0754946800018 -0.0945794252453662
"201" -0.242456531726062 -0.417691151680788 1.52911788362155 1.00493604489485 0.157678770824141 0.34700169377745 -0.332182594055947 -0.0022904955905832 -0.342620773185587 0.623617923597649
"202" -0.508260734376403 -0.14190874290964 1.05626225548619 0.0224564446116152 -0.0620586203352604 -0.800458656209249 0.24827658879993 0.00506512822656248 -0.74342553090392 0.321643508541571
"203" -0.213266184505236 0.0048287191557207 0.0583319625856841 0.406867533948816 0.380127645863358 -1.29338302848033 -0.267959387204564 -0.788591920240485 -0.486763626288971 1.04264463340523
"204" -0.26910792691158 -0.622572813663544 1.67264879283664 0.988047742572723 0.196686854966158 0.00309636087207031 1.48155279367778 -0.597069296504774 -0.731916444577133 -0.00484018621050079
"205" 0.828673458239975 -0.397246108707076 -0.714377831671653 -0.267623803957819 1.76228325516377 0.166631023842219 -0.337231864482962 -0.345106202902887 -1.10633921474947 -1.50177349921435
"206" 1.17396442433716 -0.711737445206633 -0.380981579281357 -0.927784623391246 1.39523268127133 0.225963821095688 -0.312707339753881 1.53644934793462 0.010071846542276 0.399579652220075
"207" 0.765715486238846 -0.338365459654971 -0.770687834732545 -0.0985890840416436 1.62152548344159 0.0711744476220853 -0.318341303600965 -0.784790196123689 -1.01870122731721 -1.28639215126509
"208" 1.38445606026472 -0.918615451990454 -0.153401111470449 -0.949723035331631 0.185342423159401 0.196583930699339 0.528196024047064 0.834900990358579 1.15595055927199 1.54276907626245
"209" -1.11357918401254 0.703663623715368 -0.290539530121255 -1.43913812442934 -0.223802445761623 0.892514519128909 -0.285123475547674 -0.974284840690594 0.768194110519628 -0.166177396772814
"210" -0.819292127030294 0.608751232849608 -0.873010058234856 -0.344458438039474 -0.491878465875309 1.54130160478434 0.414728825490263 -0.015439959791936 -1.38850230849158 1.20356908353241
"211" -0.721483682026199 0.127235207228729 0.459451200830452 -0.186609935291571 -0.0760299313666657 0.363238776830719 0.466615810050378 -0.536916633128755 -0.936418517011318 1.11034462941148
"212" 0.344421524367878 -0.39389730860983 0.776598551155967 -0.0198296865657165 -1.21076188338939 -0.894345233614934 -0.469187213558816 -0.0891060143633916 -1.54906599116243 0.0655906365387042
"213" -0.64805608146924 0.256854320065434 0.178894083886141 -0.0287690912649856 -0.178217258302708 0.911823263578625 -0.316224374621262 0.015357171832177 -0.374838358802151 0.571500833423913
"214" 0.989241450477129 -0.541827917369776 -0.56255306504923 -0.650040570962295 1.82646303113608 0.252238884584939 -0.447183669781766 0.852752317775129 -0.836246707429543 -1.04210015419171
"215" 0.0382330570136433 0.0590717192262695 -0.560459087874743 -0.530959991232129 -0.289310909142275 0.75734544881774 0.174900894339799 -0.971046237125491 -0.377432634162647 0.566532029098807
"216" -0.0103199222560186 -0.0859679771354256 -0.23167491226238 0.336181376581929 -0.575141081301 -0.180865381356414 0.82734481059503 0.807780455200034 -0.213920224107835 0.0387774312574475
"217" -0.0154682287598094 -0.329776107077994 1.4422921400894 1.4032860792226 0.0619574403496798 1.79599118734424 -2.26080082912297 0.421710337618143 0.992685808115952 0.0345808936043075
"218" 0.401507118257588 -0.191399284297411 -0.708830525046359 -0.0497809184287941 0.180417333728049 0.371964194976626 0.470904455694042 1.5261920241596 -0.0190939369752194 0.143065633546367
"219" -0.753138791862562 -0.0697148342845516 1.25093823447329 -0.0896769527101608 0.253153403791649 -1.79457914801975 0.0337588118266674 0.468567286262347 -1.18626939922048 1.39908672521627
"220" 0.844828797443767 -0.457920034138388 0.521982612068476 0.136851091496812 -1.63254335946141 0.276017461506762 -1.63080193162891 -0.00240173090022757 -0.509136233837233 -0.510423037839326
"221" -0.0862790819741863 -0.291434047326576 0.528621741595829 1.30718735392427 -0.0445750886052915 0.424695082756722 0.63903787247155 -0.271184322478443 0.335161368117561 -0.606931801171872
"222" 0.0217637079841148 0.129590597826084 -0.96547181169799 0.340971883878239 0.386618706673778 0.458147122287188 0.316819490010892 -0.25252609599787 -0.990486566754086 -0.484024678266041
"223" 0.545852081645317 -0.273928381869236 -0.551717684038223 0.226774822987777 -1.17431693866053 0.127304130519584 0.931806483375705 0.521992725501108 0.347064189186807 -0.517563244632708
"224" -0.390035708104101 -0.501657103939307 1.59454436559012 0.74132278598118 0.219505019408942 -0.542999451168485 1.16930046011461 -0.346703317624434 -1.05854465353452 0.61623542536708
"225" 0.306125708005632 0.0892822058907893 -1.13654108965712 1.0273220443923 0.402343795589667 -0.836789418162025 -0.553335291537492 -1.98575091537763 0.311515492523723 0.864535491746567
"226" 1.35293840475836 -0.816075329430953 -0.0814280245976083 -0.730429588398704 -0.7513709205 0.0429961816688562 0.259489523561667 0.130742812327568 0.323918959283909 0.0784761748875785
"227" 0.214255967083558 0.164585127660299 -1.191283895661 1.20708453586469 0.153758545383407 -1.00347240710138 -0.603927002756376 -1.61653320350861 0.648138541770926 1.07597367897695
"228" 0.119903852060033 -0.368283774315417 0.359297602364459 0.295735527037657 0.0345024013603222 0.583413493561288 0.765650246052708 0.321290033085906 -0.137157724628377 0.213507444947347
"229" -0.440422590703764 -0.217465548410746 1.33399556114862 0.523535164948547 0.166281340638628 -0.197689674805965 -0.507052154401394 0.251389045408089 -0.153079967435819 0.420018912825608
"230" -0.305316185813363 0.328796496333341 -0.782762684192867 0.90435349675697 -0.281510717968048 -1.1867076832925 -0.276212917437429 0.449242383104843 0.985981953563518 0.0305449902112019
"231" 0.605586475658873 -0.188072868032771 -0.911742495853503 0.321438889681565 1.26384373148186 -0.184268215152422 -0.304808034838158 -1.76934219029777 -0.76543100986407 -0.71567780611511
"232" 1.24342058298981 -0.779009289825413 -0.309947528773694 -0.971511662627947 1.08510424721543 0.21023476945977 -0.119905434944003 1.48455562037254 0.403325873257707 0.939832975198306
"233" -0.58412099534259 -0.285988152652022 1.44067722250233 0.324173373872706 0.24767138782561 -1.32513266870531 0.572502456118486 0.0932277263832899 -1.36932570247926 1.36739291514958
"234" -0.749675599985902 0.42565988567054 -0.327670432680245 -0.093670601850901 -0.260968522453212 -0.433111578885217 0.303759915102322 1.01861719364141 0.400540789841561 -1.12312387059421
"235" -0.166851853159598 0.0628685175148378 0.315072581733536 -0.0861203677556951 -0.751697341467853 0.27996375097031 -1.0161955515996 0.245936834470363 -0.445338649516557 -0.24266981775414
"236" 0.131099266138159 -0.0580540800160884 -0.0728904188950329 0.297289133204376 -0.660225507333504 0.684182155322563 -0.491159927033879 0.137059019577707 -0.941329764564001 -0.362152815748
"237" -0.43406002590984 0.280940758424939 -0.270812851459892 0.122030291238051 0.106668422916816 -1.3051329254957 -0.496314840744777 -0.441216929767769 0.702530569513259 0.182727292486183
"238" 0.309835069237712 -0.515461181511724 0.919986480903818 0.357109923432435 0.13650745082674 0.415179602175525 -0.650828355348364 0.466140397166056 0.311852974838108 1.12392364729963
"239" 0.852290463643193 -0.421107604300908 -0.638155837770189 0.0353994252716202 0.270586539337678 -0.313883100244085 0.0123250123983021 -0.613363593831157 0.739030021127404 1.19317681881562
"240" -0.256034607633953 0.157382440931199 -0.381533495361363 -0.145206265245434 -0.095791817408674 -0.0873530293424668 0.12034546402907 0.134554678785592 0.230941658593501 -0.0107215978697198
"241" -0.0676817312767201 -0.0965728725115634 0.117628386343734 -0.354748636385171 0.957161530654402 -0.913385867270155 -0.322360967262541 -0.00424002171407608 -0.784125807754489 -0.407539979516028
"242" -0.932547030155085 0.383467847304983 0.259307232271369 -0.714661054542907 -0.0592176950076824 -0.22850870373759 -0.177365203375222 -0.143083291116642 -0.670034437645887 1.13687346606511
"243" 0.365087561191718 -0.436603183544981 0.435678295302184 -0.340735635687002 -0.0648213664578931 0.177980802811261 0.188021550630807 0.0618005859113274 0.553521376847048 -0.773844851289339
"244" 0.595070791948181 -0.264157006460338 -0.63592362449378 0.11959108046301 -0.364214704000156 -0.0456899616101878 0.275935378384856 0.217324089905351 0.289176945855593 0.305702393959754
"245" -0.083183953560762 -0.0313904381206419 -0.0137292541334013 -0.749436670761535 0.985057063890311 -0.629204613369431 -0.378499824953009 0.311544256204431 -0.152413626262176 -1.16366447367094
"246" -0.203357456391177 0.117808060940875 -0.347541423239035 -0.470009168821861 -0.0641021392594843 0.213659914350775 0.113955181177056 0.462386737317663 -0.250501110535737 0.15971638498545
"247" -0.488180584272304 0.427704041905692 -1.11370707512971 0.794811822633761 -0.60866214603947 0.648168519108176 0.995026313321358 1.53661203603905 -0.693729402169259 -0.674769761575035
"248" 0.171918686581131 -0.175949094830886 -0.0152232748200863 -1.15000588461182 -0.504624949197017 0.191795631195439 0.42545786789158 -0.40258222812221 1.39545185306675 -0.106945741560745
"249" -0.861027059970043 0.0790510269639313 1.09331862898369 -0.389630414667747 0.242040264699175 -1.94158106520996 -0.236431145074999 0.643913525648947 -0.794201373557229 1.0082354652402
"250" -0.336308947508128 -0.561268212073463 1.6358650555064 0.855180461828873 0.211201377313329 -0.320478267425526 1.34126459189508 -0.471434019514817 -0.958926138063559 0.385085942154994
"251" 1.16875081123771 -0.335085958398869 0.0620697785724564 -0.436529507664774 -2.7294194510919 -0.74961106467966 -2.31265048091174 0.097832940531959 -2.29062568606949 -1.10954159145229
"252" 1.47691134719559 -0.994693200747175 -0.0147441352947715 -0.808104610796453 -0.851981365164859 0.174747287341715 1.09417233776181 -0.129455091142647 1.38486074284388 1.04877839110331
"253" -0.015456308220426 -0.206494215271677 0.240718699414849 -0.226193928034447 0.501603082449519 0.910809931709408 0.17884206843666 -0.133552598495363 -0.0958538842634488 -0.25909924465221
"254" -0.272434503579168 -0.288516477957119 0.999215405483345 -0.183461969410653 0.0380882458301614 -1.15039756214878 0.412881932487348 0.229118032333568 -0.44457668429769 0.955438656058033
"255" 0.774159101226156 -0.347101818578584 -0.76432546116629 -0.124176771014225 1.67092632582812 0.103731207334795 -0.305541236906706 -0.759645012850275 -1.08881124298636 -1.43229211537828
"256" -0.322427471305615 -0.178101385167419 0.80533693363058 -0.218356310762014 0.472001874909319 -0.566156349675696 0.0517684330736545 0.374855985390484 -0.0240035202989775 -0.341549299682034
"257" -0.610664296391725 0.293900409631457 0.0365146213551755 -1.33200279194625 -0.157416023610419 0.0224793943348929 -0.0246214669149453 -0.332743566524562 1.35726810977674 -0.706398196299786
"258" -0.962183274726308 0.419513223171552 0.230766381990857 -0.807825183096532 -0.0585398211787785 -0.254082082587212 -0.237215079566584 -0.133634650528383 -0.495163968316653 0.956633354371351
"259" -0.523149028805026 -0.359012946175205 1.4969510283581 0.461675590246485 0.241288519183913 -1.10720501118606 0.777289652978841 -0.0515976195530723 -1.33441852171903 1.20993475963064
"260" -0.0413793633583633 -0.700593740602797 1.69459804924787 1.40396626984554 0.123276978736269 1.31974006192632 0.952050097493164 -0.650438210585127 0.459975051453989 -1.29831674991253
"261" -0.520819840176503 0.0413719397853504 1.07653864793112 0.236522260496942 0.118908695056058 0.0134057990301926 -1.71896963130815 0.665506530024427 0.616950867139528 0.148115377729642
"262" 0.982406966930707 -0.413269039077717 -0.326285992137794 -0.0279531081599521 -1.40636098512265 -0.510126840505072 -0.536100005838562 -0.415515819945642 -0.138660436197363 -0.0787090468565959
"263" 1.44251531010145 -0.97194883766357 -0.0759057559642033 -0.884887238798022 -0.360931494107957 0.192274765094574 0.879569497006521 0.321839152179948 1.36879141854884 1.41073810601515
"264" 1.48413358195829 -0.957031713995342 0.060758112842 -0.667981832913772 -1.60721818087108 0.0790020345718501 1.04170240570738 -0.672472216371729 0.976558416265274 0.154530956600404
"265" -0.313501955889986 0.373702295066595 -1.21200211330946 1.28359258989319 -0.624303554856337 -0.141426151242204 0.716567284327731 1.76870663067009 0.258626620591572 -1.05748928368976
"266" -0.928931071814491 0.193244674154111 0.90588043581087 -0.648187377537371 0.195435921892761 -1.67167560132659 -0.233500012633889 0.517867898995359 -0.138026442285407 0.189435373838973
"267" 1.15698184594727 -0.313719687625066 0.0592859715651419 -0.434561399355923 -2.73772357443693 -0.77621181395513 -2.43143310642873 0.149230599461289 -2.38455111948964 -1.09687647083472
"268" -0.671858406990572 -0.0866736305846444 1.10813836967242 -0.0713498114311102 0.155955932254886 -0.666127493918004 0.426533967946716 -0.06980526879169 -0.00367469672482266 -0.299344559682413
"269" -0.0798616939310498 0.0370064940609374 1.20967207341545 1.23274210093664 0.0399120744441235 1.59591196661758 -4.88678399613048 1.35879663648172 0.776017382974061 2.05454758908761
"270" -0.588453563375759 0.327884052939168 0.116353139560619 0.11113308076811 -0.194900133767924 0.829255777980745 -1.11428496255313 0.622766215935586 0.450373398751545 -0.118570209911111
"271" 0.524147377866166 -0.210981783427163 -0.231923908653145 -0.0787377437709578 -0.507931749751537 0.0421816905345877 -0.682479462788613 -0.376724788498115 -0.241129634143649 -0.260863492199984
"272" 0.189539206900872 -0.488001247423496 0.989757298861838 1.07344521269322 0.472610499354855 1.32061438635198 -0.523476566011652 -0.338046132382702 0.416800334800119 -1.04689577257321
"273" 0.453084065589578 -0.195527597672275 -0.284048489702861 0.480686183211648 0.484811973148488 0.210954606653831 -1.21085955445524 0.488186998574504 0.399132756714514 0.433714218815486
"274" 0.287110730477033 -0.506988121971975 0.725720488961187 0.411551076957555 0.616792853314058 0.365114820653912 -0.190892477316827 0.108129342897502 -0.247917801297692 0.179146517247423
"275" -1.13568889452322 0.631761216437345 0.0188124760482477 -1.49568524885326 -0.0889773532626175 0.102686791930877 -0.253678771743709 -0.563416262201091 1.46627986910334 -1.32274444746123
"276" -0.027702581743691 -0.115545964606141 0.092870000665235 -0.863761470101286 -0.418924666105181 0.41389342085349 0.489219011981735 -0.535592604146662 0.835617588227579 0.156278343030755
"277" -0.13444623288552 -0.710477371547199 1.71626750472135 1.24176931081004 0.160201040710188 0.724354670012313 1.50682280415235 -0.750807360454325 -0.125850620282492 -0.843523990053732
"278" 0.198950006355874 -0.596416700916507 1.05897112520151 0.224017282217428 -0.489235325355614 -0.449995262287983 0.924866966779973 -0.415631512272407 -0.487478328002326 0.352508773046069
"279" -0.495180728517858 0.271205652445763 0.294515121067098 0.259968626386986 -0.187237387240635 1.65466154122758 -1.81440109598553 0.153622024768348 -0.0429853065851106 1.25641453835177
"280" 0.353782161725554 -0.356777090185701 -0.0140752639149423 -0.414671593648548 -0.0778210733233696 -0.0790713178328334 0.542045386547096 0.704678750808808 0.0372050094481458 1.13168277141638
"281" -0.00778470069548243 -0.394067265386415 1.48365216694419 1.42521778200683 0.0675847885911326 1.79861550157797 -1.7702868003325 0.249084104535343 0.992945750793424 -0.284618486273897
"282" -0.880884672708086 0.48167239297904 -0.16212544501188 -0.561989321085586 -0.180939846991639 -0.399362467338595 0.126615851588766 0.588864096420275 0.844733291904266 -1.37520405813269
"283" 0.558300374605831 -0.325839881387432 -0.203129383736624 0.342179763892698 0.823030920719897 0.296705500782895 -0.870948724028504 0.0306803578674244 0.170769254669037 0.0500724606152745
"284" 0.404093891010835 -0.287582745772977 -0.270241268117238 -0.451945825190991 0.371754122040711 0.234824005983238 0.203691445593992 0.0633914928001133 -0.281583784395133 0.440087885208521
"285" -0.867601733049214 0.637230795053127 -0.824147595085271 -0.519887809304535 -0.467975501782954 1.58455220799539 0.272452245870974 -0.258877784455891 -1.2943344048082 1.36564380467648
"286" -0.584269950603755 0.430232248532659 -0.497827570952175 0.0740237123817155 -0.196507393952359 -0.851852522089636 -0.28008380565251 0.110549948932023 1.32373632970783 -0.637571880388192
"287" -0.954374899674178 0.683962607818919 -0.715210142070593 -0.839851102669497 -0.416134217456527 1.58098176886405 0.0181959739813175 -0.662927588343497 -0.943336107322292 1.43292300076105
"288" 0.225421004616898 -0.675110857825161 1.39476364182493 1.11480276365686 -0.280087311616009 1.26853405855373 0.364184476749172 -0.527253762276635 0.5934592043074 -1.17650861144973
"289" 0.0497085628754491 0.135775421303376 -1.03924492215793 0.657110789989593 0.261849585444785 0.129819003496046 0.328403233048665 -0.160639707818508 -0.595710752140097 -0.625756670168054
"290" 0.518634488316523 -0.105179571303498 -0.982717501406258 0.541489243424261 1.01662557446065 -0.369975539932894 -0.360277215454939 -2.05705027976374 -0.489123543562748 -0.20433058462921
"291" 0.939531870805733 -0.534805878782988 -0.270561435145654 -0.63350093663786 -0.0216169731829004 0.074341016093246 0.0332468058827168 -0.171283833338968 0.042443027767854 -0.458242887772072
"292" 0.319658377150125 0.0775841048581207 -1.12776546995089 0.99904102416929 0.440299711655915 -0.809218948094088 -0.54245917420286 -2.02316882801774 0.259671214015341 0.816555413318402
